seed,thresh,param,trial,latent,predicted,stdev
23,0.0,theta,1,1.762134,1.25042,0.567073
23,0.0,theta,2,1.688882,1.21888,0.548318
23,0.0,theta,3,0.564616,0.0549,0.518147
23,0.0,theta,4,1.386785,0.980384,0.524716
23,0.0,theta,5,-1.44852,-1.06175,0.459497
23,0.0,theta,6,0.181435,0.035365,0.55893
23,0.0,theta,7,-0.388135,-0.172362,0.486556
23,0.0,theta,8,-0.771455,-0.6365,0.531677
23,0.0,theta,9,-0.470389,-0.878764,0.420398
23,0.0,theta,10,0.54081,0.365554,0.493766
23,0.0,theta,11,-1.272466,-1.027235,0.438712
23,0.0,theta,12,1.102635,0.898169,0.533222
23,0.0,theta,13,0.121125,-0.181219,0.457596
23,0.0,theta,14,3.548101,2.22385,0.597107
23,0.0,theta,15,0.811534,0.313959,0.496029
23,0.0,theta,16,0.849808,0.948433,0.550149
23,0.0,theta,17,0.17562,-0.407785,0.458457
23,0.0,theta,18,1.261534,1.42603,0.569856
23,0.0,theta,19,-0.026541,0.366668,0.560068
23,0.0,theta,20,0.917411,0.110176,0.49189
23,0.0,theta,21,-0.253998,-0.074245,0.517584
23,0.0,theta,22,1.001558,0.84383,0.534721
23,0.0,theta,23,-0.382293,-0.456858,0.513157
23,0.0,theta,24,-1.994411,-1.25788,0.466215
23,0.0,theta,25,0.845952,0.762641,0.531742
23,0.0,theta,26,0.698254,0.074791,0.466448
23,0.0,theta,27,0.366723,0.813378,0.537616
23,0.0,theta,28,0.736388,0.20452,0.49106
23,0.0,theta,29,-0.086405,-0.544679,0.478597
23,0.0,theta,30,-0.420905,-0.048725,0.481075
23,0.0,theta,31,-0.305398,-0.379185,0.487269
23,0.0,theta,32,1.914895,0.922082,0.544308
23,0.0,theta,33,-0.235968,-0.62395,0.467075
23,0.0,theta,34,1.110381,0.79862,0.557747
23,0.0,theta,35,0.443467,0.60881,0.508802
23,0.0,theta,36,0.098765,-0.325234,0.457073
23,0.0,theta,37,-0.45846,-0.583523,0.468762
23,0.0,theta,38,0.558252,0.27699,0.493741
23,0.0,theta,39,1.140188,0.709227,0.526105
23,0.0,theta,40,1.107586,0.479348,0.472069
23,0.0,theta,41,-1.350651,-1.16191,0.472259
23,0.0,theta,42,-0.802526,-0.394537,0.457914
23,0.0,theta,43,-0.352616,0.3809,0.495394
23,0.0,theta,44,-0.805489,-0.78504,0.420829
23,0.0,theta,45,0.315944,0.509412,0.50782
23,0.0,theta,46,-0.108516,-0.479534,0.466753
23,0.0,theta,47,0.126644,0.567686,0.496471
23,0.0,theta,48,1.209753,0.743766,0.504347
23,0.0,theta,49,1.727281,1.60756,0.577117
23,0.0,theta,50,0.088926,0.112169,0.543406
23,0.0,theta,51,-0.429532,-0.285299,0.515391
23,0.0,theta,52,0.743366,0.106562,0.480811
23,0.0,theta,53,0.092432,0.519975,0.472228
23,0.0,theta,54,0.995449,1.47283,0.556201
23,0.0,theta,55,0.990011,0.804048,0.523619
23,0.0,theta,56,-0.227928,-0.311456,0.431905
23,0.0,theta,57,1.506373,1.44438,0.573635
23,0.0,theta,58,1.154901,-0.242445,0.491774
23,0.0,theta,59,-2.050188,-1.48061,0.458037
23,0.0,theta,60,-2.151562,-1.385825,0.470807
23,0.0,theta,61,-0.145301,-0.244684,0.46945
23,0.0,theta,62,0.891885,1.229225,0.52503
23,0.0,theta,63,-1.044156,-1.39951,0.485514
23,0.0,theta,64,-0.052862,-0.432023,0.467725
23,0.0,theta,65,0.511166,0.214644,0.460254
23,0.0,theta,66,-2.005337,-1.463675,0.466026
23,0.0,theta,67,-1.998123,-1.341755,0.488911
23,0.0,theta,68,-0.45341,-0.588922,0.452857
23,0.0,theta,69,0.324075,-0.020694,0.475539
23,0.0,theta,70,0.599857,-0.048217,0.483474
23,0.0,theta,71,-1.083973,-1.38039,0.430526
23,0.0,theta,72,1.172858,1.10072,0.533218
23,0.0,theta,73,-0.980599,-1.89023,0.480016
23,0.0,theta,74,-0.597464,-0.520036,0.416649
23,0.0,theta,75,0.464639,0.40108,0.466685
23,0.0,theta,76,0.013172,0.934939,0.53301
23,0.0,theta,77,0.076528,0.425411,0.495514
23,0.0,theta,78,1.073837,0.951296,0.539825
23,0.0,theta,79,-0.49647,-0.526034,0.472041
23,0.0,theta,80,1.439633,1.23318,0.567058
23,0.0,theta,81,0.223881,-0.036251,0.478196
23,0.0,theta,82,-1.528967,-0.677682,0.466493
23,0.0,theta,83,-0.353108,0.697822,0.5305
23,0.0,theta,84,-0.166507,0.07265,0.493941
23,0.0,theta,85,1.043554,0.792608,0.524891
23,0.0,theta,86,2.458458,2.8095,0.636589
23,0.0,theta,87,0.428131,0.177029,0.52318
23,0.0,theta,88,0.991693,0.466588,0.493561
23,0.0,theta,89,-0.69408,-0.599416,0.494502
23,0.0,theta,90,-1.313492,-1.45991,0.513271
23,0.0,theta,91,-0.791315,-1.197005,0.482385
23,0.0,theta,92,-1.048351,-0.069328,0.492702
23,0.0,theta,93,-0.484341,-0.325235,0.453822
23,0.0,theta,94,0.352733,-0.420518,0.463853
23,0.0,theta,95,-0.107587,-0.61769,0.465609
23,0.0,theta,96,-0.464786,0.090178,0.520325
23,0.0,theta,97,-0.443303,-0.353375,0.461624
23,0.0,theta,98,-1.306274,-0.94494,0.44025
23,0.0,theta,99,-0.695212,-1.13122,0.430594
23,0.0,theta,100,0.119662,-0.528996,0.448952
23,0.0,theta,101,1.462496,0.76666,0.516172
23,0.0,theta,102,-0.458172,-0.73463,0.440725
23,0.0,theta,103,1.000714,0.422444,0.535224
23,0.0,theta,104,0.032754,-0.479455,0.448967
23,0.0,theta,105,2.132433,1.095935,0.563177
23,0.0,theta,106,-0.767482,-0.62328,0.471812
23,0.0,theta,107,-0.632499,-0.202742,0.472109
23,0.0,theta,108,-0.933978,-0.876029,0.466622
23,0.0,theta,109,-0.968589,-0.192202,0.449509
23,0.0,theta,110,-0.456239,-1.172635,0.435386
23,0.0,theta,111,1.296668,1.068085,0.545496
23,0.0,theta,112,0.854777,0.918756,0.527255
23,0.0,theta,113,-0.940647,-0.577316,0.440422
23,0.0,theta,114,0.200523,0.73444,0.555265
23,0.0,theta,115,2.060813,1.939135,0.587431
23,0.0,theta,116,-0.150149,-0.002596,0.493196
23,0.0,theta,117,1.537929,1.490025,0.560298
23,0.0,theta,118,-0.380676,-0.33829,0.481566
23,0.0,theta,119,-0.521413,-0.513947,0.472351
23,0.0,theta,120,-1.00378,-1.00732,0.442785
23,0.0,theta,121,0.698968,0.768356,0.515568
23,0.0,theta,122,-1.033074,-0.946274,0.491856
23,0.0,theta,123,-1.717731,-1.13901,0.461762
23,0.0,theta,124,0.578327,0.694034,0.510824
23,0.0,theta,125,0.748521,0.775349,0.507459
23,0.0,theta,126,0.817199,0.438957,0.500547
23,0.0,theta,127,-0.927253,-1.504855,0.459231
23,0.0,theta,128,0.74621,0.563678,0.492538
23,0.0,theta,129,0.3419,-0.043292,0.440678
23,0.0,theta,130,0.905041,0.970062,0.546631
23,0.0,theta,131,1.098693,0.463408,0.459566
23,0.0,theta,132,0.744552,1.221345,0.550186
23,0.0,theta,133,2.075684,1.94191,0.604591
23,0.0,theta,134,-0.379833,-0.620438,0.485666
23,0.0,theta,135,0.681811,1.57758,0.589792
23,0.0,theta,136,0.106732,0.279602,0.481421
23,0.0,theta,137,0.12249,-0.015227,0.491396
23,0.0,theta,138,-0.887408,-0.490772,0.460712
23,0.0,theta,139,-2.20343,-1.73401,0.479711
23,0.0,theta,140,-1.439819,-1.19367,0.471948
23,0.0,theta,141,0.775788,1.497305,0.586366
23,0.0,theta,142,-0.537001,-1.408885,0.471585
23,0.0,theta,143,0.472454,0.39251,0.51164
23,0.0,theta,144,2.04231,1.240185,0.538113
23,0.0,theta,145,1.090959,0.892913,0.534962
23,0.0,theta,146,-0.023201,-0.61569,0.419178
23,0.0,theta,147,0.778431,0.575066,0.498242
23,0.0,theta,148,-0.242517,-0.36083,0.50985
23,0.0,theta,149,-0.692304,-0.732608,0.46371
23,0.0,theta,150,-0.883098,-0.210917,0.432261
23,0.0,theta,151,-0.188849,0.479568,0.510153
23,0.0,theta,152,-0.479774,-0.232954,0.468801
23,0.0,theta,153,0.787012,-0.039619,0.493356
23,0.0,theta,154,1.073427,0.52064,0.501034
23,0.0,theta,155,-1.245468,-1.17185,0.487439
23,0.0,theta,156,-0.375432,-0.514262,0.501794
23,0.0,theta,157,0.529422,0.05876,0.483404
23,0.0,theta,158,0.759328,0.280108,0.505852
23,0.0,theta,159,-0.201741,-0.155514,0.474325
23,0.0,theta,160,-0.175719,-0.681906,0.478094
23,0.0,theta,161,1.71932,1.015225,0.533806
23,0.0,theta,162,-1.307493,-1.000815,0.455595
23,0.0,theta,163,0.237048,-0.615984,0.483499
23,0.0,theta,164,1.645734,0.822485,0.538026
23,0.0,theta,165,0.133975,0.764652,0.516458
23,0.0,theta,166,-0.661097,0.629644,0.520761
23,0.0,theta,167,1.776719,1.34722,0.569932
23,0.0,theta,168,-1.161307,-0.685836,0.471435
23,0.0,theta,169,0.456862,0.695438,0.529712
23,0.0,theta,170,1.173997,0.988906,0.534629
23,0.0,theta,171,-0.481649,-0.47421,0.480125
23,0.0,theta,172,-0.964606,-1.621515,0.452598
23,0.0,theta,173,0.122719,0.097587,0.515908
23,0.0,theta,174,0.82765,0.427862,0.498168
23,0.0,theta,175,-1.34818,-0.534691,0.450861
23,0.0,theta,176,-0.42204,-0.240451,0.498256
23,0.0,theta,177,-1.359646,-0.446732,0.486306
23,0.0,theta,178,0.716728,0.494366,0.486781
23,0.0,theta,179,1.240788,1.665095,0.58799
23,0.0,theta,180,-1.61641,-0.840847,0.439027
23,0.0,theta,181,1.560499,0.606279,0.523796
23,0.0,theta,182,0.337511,0.375978,0.479779
23,0.0,theta,183,-0.310401,0.885638,0.533425
23,0.0,theta,184,1.856123,1.060805,0.564051
23,0.0,theta,185,0.833726,0.522026,0.47622
23,0.0,theta,186,0.33196,0.474414,0.515543
23,0.0,theta,187,-0.248072,0.394186,0.519372
23,0.0,theta,188,-0.999738,-0.460401,0.458976
23,0.0,theta,189,1.409546,1.42015,0.563705
23,0.0,theta,190,-0.968538,-0.534302,0.48388
23,0.0,theta,191,0.03492,-0.063541,0.468865
23,0.0,theta,192,-1.748696,-1.14227,0.466997
23,0.0,theta,193,0.176693,0.585624,0.481985
23,0.0,theta,194,-1.407756,-0.524098,0.475728
23,0.0,theta,195,0.351064,0.775957,0.529259
23,0.0,theta,196,0.868941,0.943728,0.519919
23,0.0,theta,197,-0.089048,-1.061005,0.469354
23,0.0,theta,198,0.581149,1.22616,0.570494
23,0.0,theta,199,-1.20212,-1.008085,0.449511
23,0.0,theta,200,-1.163738,-0.949467,0.450003
23,0.0,theta,201,0.064308,0.202072,0.502763
23,0.0,theta,202,0.476928,0.3555,0.500027
23,0.0,theta,203,-0.838162,-0.911488,0.4855
23,0.0,theta,204,-0.792907,-0.933104,0.47138
23,0.0,theta,205,0.553785,-0.164076,0.488784
23,0.0,theta,206,-1.848835,-1.15415,0.477094
23,0.0,theta,207,0.762927,0.825844,0.526686
23,0.0,theta,208,-0.399361,-0.185715,0.4626
23,0.0,theta,209,-1.211825,-0.72643,0.459439
23,0.0,theta,210,-1.8985,-0.992326,0.493715
23,0.0,theta,211,0.170798,-0.015286,0.51406
23,0.0,theta,212,-0.438448,-1.18311,0.484554
23,0.0,theta,213,-0.486683,-0.692318,0.47497
23,0.0,theta,214,1.11598,0.52925,0.507466
23,0.0,theta,215,-0.686928,-0.70051,0.486106
23,0.0,theta,216,-0.251132,-0.454126,0.455456
23,0.0,theta,217,0.153131,0.201124,0.489388
23,0.0,theta,218,-0.163555,0.192324,0.494465
23,0.0,theta,219,-0.592572,-0.014871,0.49082
23,0.0,theta,220,-0.554214,-0.080904,0.492736
23,0.0,theta,221,1.797101,1.64447,0.569388
23,0.0,theta,222,0.200078,0.412101,0.507672
23,0.0,theta,223,0.607678,1.147175,0.548719
23,0.0,theta,224,-0.503361,-0.751152,0.483471
23,0.0,theta,225,0.483144,0.970587,0.550069
23,0.0,theta,226,-1.003471,-1.35929,0.466441
23,0.0,theta,227,-0.103362,0.157917,0.499361
23,0.0,theta,228,0.69943,0.689456,0.491935
23,0.0,theta,229,-1.042626,-0.973818,0.474287
23,0.0,theta,230,0.790919,0.231037,0.444328
23,0.0,theta,231,1.015168,1.42258,0.568834
23,0.0,theta,232,-0.435427,-0.77698,0.450808
23,0.0,theta,233,0.640087,0.574238,0.494764
23,0.0,theta,234,0.433049,-0.078516,0.486497
23,0.0,theta,235,1.327224,1.13658,0.526461
23,0.0,theta,236,0.023222,0.120799,0.501203
23,0.0,theta,237,-2.089956,-1.184935,0.476144
23,0.0,theta,238,-0.642379,-0.159852,0.46165
23,0.0,theta,239,0.616694,0.31767,0.528589
23,0.0,theta,240,-0.609464,-0.592906,0.480854
23,0.0,theta,241,0.804722,0.06149,0.466762
23,0.0,theta,242,-1.472188,-1.034455,0.469441
23,0.0,theta,243,1.18638,1.54992,0.576302
23,0.0,theta,244,-1.218995,-1.05103,0.487608
23,0.0,theta,245,-0.380742,-0.447369,0.46703
23,0.0,theta,246,1.195341,0.954004,0.567301
23,0.0,theta,247,-0.141714,-1.33189,0.475274
23,0.0,theta,248,0.054354,0.038877,0.507947
23,0.0,theta,249,0.268318,0.349486,0.517163
23,0.0,theta,250,0.00238,-0.471427,0.504391
23,0.0,theta,251,0.623342,-0.177308,0.499502
23,0.0,theta,252,-0.047539,-0.515052,0.489616
23,0.0,theta,253,1.085076,0.390618,0.496766
23,0.0,theta,254,0.462507,0.320179,0.49961
23,0.0,theta,255,0.288733,-0.103332,0.475775
23,0.0,theta,256,-0.919156,-0.349914,0.465293
23,0.0,theta,257,0.634645,-0.575334,0.468876
23,0.0,theta,258,-0.507532,-0.786624,0.446948
23,0.0,theta,259,-0.235933,0.024962,0.474548
23,0.0,theta,260,-0.242073,0.692259,0.516404
23,0.0,theta,261,-0.989827,-0.800782,0.438293
23,0.0,theta,262,-1.95523,-1.397765,0.497055
23,0.0,theta,263,-0.061479,-0.092424,0.476556
23,0.0,theta,264,-1.089277,-1.269115,0.51704
23,0.0,theta,265,1.75094,1.192385,0.522987
23,0.0,theta,266,1.69819,1.076365,0.530944
23,0.0,theta,267,-0.048721,0.202598,0.489771
23,0.0,theta,268,-0.465866,-0.347616,0.491015
23,0.0,theta,269,-1.585478,-1.531425,0.497483
23,0.0,theta,270,-2.061948,-1.094,0.43036
23,0.0,theta,271,-0.396836,-0.195274,0.448615
23,0.0,theta,272,0.652955,0.218744,0.511815
23,0.0,theta,273,-1.1127,-0.635739,0.483096
23,0.0,theta,274,1.190615,0.685998,0.519459
23,0.0,theta,275,0.678185,0.583142,0.517654
23,0.0,theta,276,0.070657,-0.990488,0.453213
23,0.0,theta,277,0.593168,0.776797,0.508738
23,0.0,theta,278,-0.429399,0.119996,0.524047
23,0.0,theta,279,-0.805234,-0.671744,0.480934
23,0.0,theta,280,-1.681947,-1.52209,0.504979
23,0.0,theta,281,-0.117291,-0.199502,0.494652
23,0.0,theta,282,0.757667,1.014585,0.54304
23,0.0,theta,283,-2.272911,-0.837226,0.469813
23,0.0,theta,284,-0.171203,-0.47155,0.432351
23,0.0,theta,285,-0.695511,-0.901986,0.439327
23,0.0,theta,286,0.557867,0.173023,0.477069
23,0.0,theta,287,-0.092726,-0.454423,0.458298
23,0.0,theta,288,0.349102,0.294826,0.513809
23,0.0,theta,289,0.482825,0.621159,0.510921
23,0.0,theta,290,1.313878,1.277885,0.528468
23,0.0,theta,291,-0.855804,0.34099,0.503851
23,0.0,theta,292,0.232872,-0.025867,0.49766
23,0.0,theta,293,-0.248962,-0.774592,0.463585
23,0.0,theta,294,1.188029,1.534205,0.56848
23,0.0,theta,295,0.755881,1.156605,0.545564
23,0.0,theta,296,0.105917,-0.34257,0.44462
23,0.0,theta,297,1.360283,1.2256,0.54987
23,0.0,theta,298,0.47015,-0.634754,0.492819
23,0.0,theta,299,2.875412,1.393435,0.564041
23,0.0,theta,300,1.442648,0.91817,0.535773
23,0.0,theta,301,-0.300623,-0.060561,0.470542
23,0.0,theta,302,-0.719251,-1.005795,0.478836
23,0.0,theta,303,0.972935,1.563475,0.591636
23,0.0,theta,304,-0.126281,0.152498,0.511879
23,0.0,theta,305,0.186046,0.516998,0.51263
23,0.0,theta,306,0.818021,0.223634,0.493314
23,0.0,theta,307,-0.797433,-0.728944,0.490423
23,0.0,theta,308,-1.932353,-0.960022,0.470706
23,0.0,theta,309,-0.566803,0.384872,0.510999
23,0.0,theta,310,-1.087485,-0.626202,0.465965
23,0.0,theta,311,-0.273021,-1.060295,0.432591
23,0.0,theta,312,-0.262287,-0.950151,0.450978
23,0.0,theta,313,-0.088487,0.416168,0.494257
23,0.0,theta,314,-0.560421,-0.519287,0.450388
23,0.0,theta,315,-0.678908,-0.4378,0.455645
23,0.0,theta,316,0.609646,0.040016,0.473119
23,0.0,theta,317,-0.638754,-0.689285,0.444708
23,0.0,theta,318,-0.157102,-0.039155,0.493516
23,0.0,theta,319,-0.214353,-0.097739,0.521037
23,0.0,theta,320,-0.809163,-1.692185,0.493862
23,0.0,theta,321,-0.675158,-0.612822,0.477918
23,0.0,theta,322,-3.5482,-1.556445,0.438871
23,0.0,theta,323,0.276288,-0.593182,0.483092
23,0.0,theta,324,-2.88102,-2.000045,0.507307
23,0.0,theta,325,0.291617,-0.168904,0.464727
23,0.0,theta,326,-0.241458,-0.206594,0.498282
23,0.0,theta,327,-0.957163,-1.143995,0.451456
23,0.0,theta,328,-0.356443,-0.359494,0.463936
23,0.0,theta,329,1.06219,0.575054,0.521638
23,0.0,theta,330,1.585966,0.882412,0.534911
23,0.0,theta,331,2.479508,1.13098,0.527187
23,0.0,theta,332,-1.552195,-1.176105,0.474543
23,0.0,theta,333,0.699715,0.57576,0.45927
23,0.0,theta,334,1.169742,1.453995,0.569091
23,0.0,theta,335,-1.180739,-0.363856,0.441493
23,0.0,theta,336,2.603494,2.246855,0.600486
23,0.0,theta,337,-0.428393,-0.016322,0.435519
23,0.0,theta,338,0.608301,0.009991,0.489652
23,0.0,theta,339,-0.122337,-0.514949,0.492637
23,0.0,theta,340,-0.944383,-1.200345,0.434037
23,0.0,theta,341,0.314878,0.196788,0.492284
23,0.0,theta,342,0.762928,1.57735,0.568938
23,0.0,theta,343,-1.145505,-1.177985,0.493113
23,0.0,theta,344,-0.2197,0.044351,0.499113
23,0.0,theta,345,-0.23794,-0.59695,0.456265
23,0.0,theta,346,-0.645994,-0.735017,0.441835
23,0.0,theta,347,-0.379534,-0.48366,0.429815
23,0.0,theta,348,0.900159,-0.13597,0.515263
23,0.0,theta,349,0.207141,-0.483284,0.448806
23,0.0,theta,350,-0.52406,-0.46184,0.50372
23,0.0,theta,351,-0.434281,-0.499722,0.476056
23,0.0,theta,352,1.105084,0.56435,0.510619
23,0.0,theta,353,0.326469,-0.098127,0.476402
23,0.0,theta,354,-0.539213,-0.026405,0.509083
23,0.0,theta,355,0.987594,0.738151,0.534348
23,0.0,theta,356,-0.380795,-0.614206,0.476567
23,0.0,theta,357,0.700896,0.235488,0.507901
23,0.0,theta,358,0.186219,0.240981,0.466983
23,0.0,theta,359,1.082956,1.012185,0.532194
23,0.0,theta,360,0.46083,1.021945,0.528598
23,0.0,theta,361,-0.195395,-0.49738,0.446226
23,0.0,theta,362,-1.26059,-1.158735,0.468906
23,0.0,theta,363,-1.277201,-2.30181,0.509993
23,0.0,theta,364,0.572008,0.951148,0.515323
23,0.0,theta,365,-0.480573,-0.676371,0.445157
23,0.0,theta,366,-1.631916,-1.18934,0.424372
23,0.0,theta,367,-0.719938,-0.5136,0.500466
23,0.0,theta,368,-1.641342,-0.939962,0.471047
23,0.0,theta,369,-1.123264,-1.137995,0.473423
23,0.0,theta,370,-0.272324,0.691582,0.523071
23,0.0,theta,371,-0.462358,-1.06371,0.470688
23,0.0,theta,372,-1.662781,-0.801147,0.452084
23,0.0,theta,373,-0.936463,-1.326275,0.469573
23,0.0,theta,374,-0.630727,-0.948854,0.446464
23,0.0,theta,375,0.297642,0.346993,0.512277
23,0.0,theta,376,-1.378044,-0.879182,0.438062
23,0.0,theta,377,-0.561111,-0.259309,0.48112
23,0.0,theta,378,0.450618,0.151314,0.500059
23,0.0,theta,379,0.281383,-0.22784,0.460505
23,0.0,theta,380,0.723544,0.891092,0.501998
23,0.0,theta,381,-0.421328,-0.829668,0.451716
23,0.0,theta,382,-1.262819,-0.924463,0.45184
23,0.0,theta,383,-2.331046,-1.981365,0.483583
23,0.0,theta,384,-0.551054,-0.992971,0.451014
23,0.0,theta,385,0.317395,0.187999,0.479229
23,0.0,theta,386,-1.194574,-1.431935,0.468731
23,0.0,theta,387,0.706904,0.547797,0.506729
23,0.0,theta,388,0.095467,-0.022129,0.517162
23,0.0,theta,389,2.990612,1.45251,0.558413
23,0.0,theta,390,-0.918072,-0.823899,0.417222
23,0.0,theta,391,-0.356292,-0.501895,0.494696
23,0.0,theta,392,0.235383,-0.281676,0.443791
23,0.0,theta,393,-0.128689,-0.170063,0.481169
23,0.0,theta,394,0.489984,0.220448,0.527754
23,0.0,theta,395,-1.309446,-0.728528,0.443483
23,0.0,theta,396,-1.858913,-2.310155,0.499194
23,0.0,theta,397,-0.489026,-0.773869,0.478589
23,0.0,theta,398,0.970787,0.760198,0.531023
23,0.0,theta,399,-0.820209,-0.612825,0.45018
23,0.0,theta,400,-0.71158,-0.851594,0.451359
23,0.0,theta,401,0.285978,0.055627,0.508967
23,0.0,theta,402,-0.247546,-0.232489,0.474023
23,0.0,theta,403,-0.524276,-0.436434,0.439956
23,0.0,theta,404,-1.010016,0.12375,0.465687
23,0.0,theta,405,-0.208747,-0.375037,0.473541
23,0.0,theta,406,-0.673454,-0.995152,0.464502
23,0.0,theta,407,0.614228,0.455522,0.494714
23,0.0,theta,408,-1.663161,-1.090945,0.450104
23,0.0,theta,409,-1.739152,-0.957452,0.453409
23,0.0,theta,410,-0.266262,-0.021362,0.514319
23,0.0,theta,411,0.575888,0.305813,0.49769
23,0.0,theta,412,-0.633785,-0.833504,0.470709
23,0.0,theta,413,0.814227,1.24189,0.562349
23,0.0,theta,414,0.814756,0.383068,0.494451
23,0.0,theta,415,-0.29975,-0.614098,0.457817
23,0.0,theta,416,0.753673,0.579618,0.511136
23,0.0,theta,417,-0.457197,-0.18845,0.48592
23,0.0,theta,418,-0.747947,-0.342141,0.43554
23,0.0,theta,419,-0.405984,-0.683345,0.486548
23,0.0,theta,420,1.046088,1.36608,0.556988
23,0.0,theta,421,0.175799,-0.395259,0.473043
23,0.0,theta,422,0.869687,0.150606,0.51343
23,0.0,theta,423,0.661654,0.590466,0.501955
23,0.0,theta,424,-1.990971,-0.428298,0.490484
23,0.0,theta,425,1.430886,1.137625,0.573141
23,0.0,theta,426,0.724138,1.16664,0.53136
23,0.0,theta,427,-1.258936,-0.752165,0.500627
23,0.0,theta,428,1.628936,1.13097,0.535318
23,0.0,theta,429,1.650279,0.945215,0.560157
23,0.0,theta,430,-1.191494,-1.428225,0.492444
23,0.0,theta,431,0.406316,0.702051,0.546185
23,0.0,theta,432,0.13758,-0.082453,0.433356
23,0.0,theta,433,0.553079,0.680408,0.495987
23,0.0,theta,434,0.496301,0.41507,0.484076
23,0.0,theta,435,-0.335353,1.08758,0.541827
23,0.0,theta,436,0.489605,1.11663,0.538528
23,0.0,theta,437,-0.088323,0.479469,0.498382
23,0.0,theta,438,0.887651,0.255091,0.466601
23,0.0,theta,439,-0.461396,-0.779979,0.476942
23,0.0,theta,440,-0.364082,-0.181244,0.494558
23,0.0,theta,441,0.346863,0.804644,0.511208
23,0.0,theta,442,0.43635,-0.212142,0.496691
23,0.0,theta,443,-0.564243,-0.718504,0.456813
23,0.0,theta,444,-1.305001,-0.773092,0.455731
23,0.0,theta,445,-0.191369,0.055414,0.494898
23,0.0,theta,446,-1.136094,-1.2443,0.463907
23,0.0,theta,447,-0.165661,0.53579,0.50748
23,0.0,theta,448,-2.503192,-1.514805,0.519103
23,0.0,theta,449,0.848506,0.561391,0.528919
23,0.0,theta,450,-1.239182,-1.345975,0.491782
23,0.0,theta,451,0.677697,0.645366,0.532344
23,0.0,theta,452,-0.425377,-0.675697,0.453276
23,0.0,theta,453,-1.988516,-0.751782,0.455405
23,0.0,theta,454,-0.027097,0.235088,0.499704
23,0.0,theta,455,-0.158177,-0.641435,0.452763
23,0.0,theta,456,0.798349,0.37229,0.516691
23,0.0,theta,457,-1.146449,-0.398534,0.43708
23,0.0,theta,458,0.835965,1.129,0.547781
23,0.0,theta,459,1.236664,1.12743,0.5606
23,0.0,theta,460,0.843559,1.15539,0.523987
23,0.0,theta,461,0.435149,-0.261455,0.507216
23,0.0,theta,462,1.634965,0.911147,0.570572
23,0.0,theta,463,-0.740045,-0.528758,0.454523
23,0.0,theta,464,0.336871,-0.285529,0.445816
23,0.0,theta,465,-0.341926,-0.287476,0.444658
23,0.0,theta,466,0.324188,-0.237354,0.485123
23,0.0,theta,467,-0.30407,0.004391,0.50862
23,0.0,theta,468,0.351329,0.032214,0.513483
23,0.0,theta,469,0.85683,0.546021,0.50446
23,0.0,theta,470,-0.948225,-0.969792,0.414955
23,0.0,theta,471,-0.395398,-0.396898,0.483106
23,0.0,theta,472,0.914773,1.435355,0.572595
23,0.0,theta,473,0.224138,0.141594,0.478306
23,0.0,theta,474,-1.474586,-0.865136,0.492355
23,0.0,theta,475,0.540587,0.4547,0.467952
23,0.0,theta,476,0.589776,0.938819,0.558765
23,0.0,theta,477,0.332371,-0.344746,0.431704
23,0.0,theta,478,-0.0666,-0.339232,0.433156
23,0.0,theta,479,-0.722933,-0.598839,0.479691
23,0.0,theta,480,-0.678654,-1.445965,0.454211
23,0.0,theta,481,0.806021,0.603949,0.54377
23,0.0,theta,482,1.380508,0.947506,0.505865
23,0.0,theta,483,-1.18983,-0.391458,0.486469
23,0.0,theta,484,-0.06379,0.02854,0.512844
23,0.0,theta,485,1.395885,0.711074,0.53026
23,0.0,theta,486,-2.227524,-1.032125,0.483354
23,0.0,theta,487,1.187949,0.78045,0.514858
23,0.0,theta,488,1.572402,0.64845,0.493367
23,0.0,theta,489,-1.792861,-1.875675,0.492362
23,0.0,theta,490,0.907364,1.279385,0.53683
23,0.0,theta,491,-0.664296,-0.494334,0.468386
23,0.0,theta,492,0.149652,0.62304,0.529867
23,0.0,theta,493,2.215434,1.88421,0.605107
23,0.0,theta,494,-1.265197,-0.910772,0.464425
23,0.0,theta,495,-0.486743,-0.671718,0.479231
23,0.0,theta,496,1.836652,0.966062,0.568377
23,0.0,theta,497,-0.50156,-0.005755,0.448671
23,0.0,theta,498,0.751746,-0.289621,0.454446
23,0.0,theta,499,1.140074,1.421335,0.574827
23,0.0,theta,500,1.135396,0.801847,0.503784
23,0.0,theta,501,0.413718,0.874461,0.519853
23,0.0,theta,502,2.541917,0.810212,0.535652
23,0.0,theta,503,0.35486,0.68847,0.514286
23,0.0,theta,504,-0.381941,-0.06818,0.47992
23,0.0,theta,505,0.083607,-0.165165,0.477088
23,0.0,theta,506,0.438853,0.293914,0.484938
23,0.0,theta,507,2.218929,1.795485,0.582437
23,0.0,theta,508,-0.528993,-0.54465,0.502199
23,0.0,theta,509,0.144392,-0.49424,0.453458
23,0.0,theta,510,2.16167,1.618625,0.563672
23,0.0,theta,511,1.134624,0.919719,0.563407
23,0.0,theta,512,0.046088,0.16159,0.51226
23,0.0,theta,513,0.881937,0.850936,0.543171
23,0.0,theta,514,1.187549,0.778347,0.51242
23,0.0,theta,515,-0.171915,0.248956,0.478402
23,0.0,theta,516,-0.813485,-0.837299,0.479749
23,0.0,theta,517,0.041745,0.160718,0.516661
23,0.0,theta,518,-0.692669,-0.61817,0.483706
23,0.0,theta,519,1.092016,0.56854,0.511703
23,0.0,theta,520,-0.793004,-0.803564,0.466441
23,0.0,theta,521,-0.996947,-0.654745,0.500655
23,0.0,theta,522,-0.269735,0.238785,0.495006
23,0.0,theta,523,0.343635,-0.031245,0.51762
23,0.0,theta,524,0.362444,0.641851,0.519444
23,0.0,theta,525,-0.71662,-0.461396,0.465344
23,0.0,theta,526,-1.035471,-1.31713,0.474317
23,0.0,theta,527,1.611319,0.808784,0.554931
23,0.0,theta,528,1.267731,0.809284,0.493858
23,0.0,theta,529,0.555926,0.543624,0.479092
23,0.0,theta,530,-2.054104,-1.958525,0.499763
23,0.0,theta,531,-0.149016,-0.589494,0.458506
23,0.0,theta,532,-0.08526,0.162963,0.488771
23,0.0,theta,533,-1.154765,-0.19013,0.493759
23,0.0,theta,534,-1.581222,-1.31057,0.476948
23,0.0,theta,535,-0.648045,-0.913746,0.461775
23,0.0,theta,536,0.456234,0.761643,0.497207
23,0.0,theta,537,0.217531,0.471428,0.522764
23,0.0,theta,538,1.13874,0.862153,0.51568
23,0.0,theta,539,-0.695667,-0.888324,0.454813
23,0.0,theta,540,0.225685,-0.25732,0.438237
23,0.0,theta,541,1.134994,0.477424,0.526711
23,0.0,theta,542,0.03963,-0.629276,0.450173
23,0.0,theta,543,-1.408712,-0.98189,0.451689
23,0.0,theta,544,1.244991,1.14241,0.534126
23,0.0,theta,545,0.651662,0.43882,0.514678
23,0.0,theta,546,-0.478837,-0.292026,0.441659
23,0.0,theta,547,0.834945,1.16641,0.553657
23,0.0,theta,548,0.379969,0.552768,0.522827
23,0.0,theta,549,1.524186,1.46426,0.582257
23,0.0,theta,550,0.110869,0.855344,0.525722
23,0.0,theta,551,0.807178,0.80076,0.527882
23,0.0,theta,552,0.794651,0.826315,0.512678
23,0.0,theta,553,1.13463,-0.195443,0.501626
23,0.0,theta,554,0.996743,1.00912,0.551402
23,0.0,theta,555,-1.249578,-1.191065,0.467638
23,0.0,theta,556,-0.137299,0.246438,0.500429
23,0.0,theta,557,-0.171972,0.020132,0.434482
23,0.0,theta,558,-0.007576,-0.462118,0.456437
23,0.0,theta,559,1.082123,1.29056,0.543892
23,0.0,theta,560,-0.223099,-0.523404,0.453424
23,0.0,theta,561,-0.689801,-0.83874,0.488769
23,0.0,theta,562,0.772422,0.50845,0.500784
23,0.0,theta,563,-0.81926,-0.472638,0.432607
23,0.0,theta,564,-0.300556,-0.437876,0.478736
23,0.0,theta,565,-0.774263,-0.514616,0.460834
23,0.0,theta,566,0.160108,-0.126798,0.471199
23,0.0,theta,567,0.906394,1.16496,0.545719
23,0.0,theta,568,-0.595127,-0.043846,0.474569
23,0.0,theta,569,0.360916,0.092918,0.47659
23,0.0,theta,570,-0.926369,-0.878005,0.436311
23,0.0,theta,571,0.517336,0.520984,0.493706
23,0.0,theta,572,-0.236891,-0.326674,0.497522
23,0.0,theta,573,0.104376,0.206962,0.497321
23,0.0,theta,574,-0.782736,-0.837617,0.441725
23,0.0,theta,575,-0.207749,-0.534264,0.445699
23,0.0,theta,576,0.45938,1.012075,0.53232
23,0.0,theta,577,-1.006619,-0.90837,0.471214
23,0.0,theta,578,-0.45135,-0.08413,0.448592
23,0.0,theta,579,-0.680434,-0.905889,0.457878
23,0.0,theta,580,0.48524,-0.430904,0.503217
23,0.0,theta,581,-1.312556,-0.912598,0.479834
23,0.0,theta,582,-0.742592,-0.14222,0.490634
23,0.0,theta,583,-0.53075,-0.559014,0.478307
23,0.0,theta,584,0.707556,0.468925,0.523313
23,0.0,theta,585,-1.657349,-1.38499,0.487776
23,0.0,theta,586,-0.927539,-0.429433,0.454173
23,0.0,theta,587,0.571992,0.147572,0.489609
23,0.0,theta,588,-0.150232,0.723262,0.5543
23,0.0,theta,589,0.993868,1.18382,0.579882
23,0.0,theta,590,1.56533,1.61205,0.557309
23,0.0,theta,591,-0.445994,0.341247,0.529567
23,0.0,theta,592,-0.081974,-0.421666,0.471508
23,0.0,theta,593,-0.189182,0.28098,0.506691
23,0.0,theta,594,-0.211043,0.170214,0.481959
23,0.0,theta,595,0.086715,0.497094,0.470294
23,0.0,theta,596,-0.025896,-0.298294,0.460145
23,0.0,theta,597,-0.085643,-0.339928,0.449701
23,0.0,theta,598,1.482706,0.149764,0.488402
23,0.0,theta,599,-1.379655,-1.23064,0.501264
23,0.0,theta,600,-0.717549,-0.69096,0.447698
23,0.0,theta,601,0.08263,-0.079703,0.459462
23,0.0,theta,602,1.058926,0.699886,0.523976
23,0.0,theta,603,0.634281,0.196184,0.515943
23,0.0,theta,604,0.466581,0.021433,0.473051
23,0.0,theta,605,-2.264008,-1.47989,0.470733
23,0.0,theta,606,0.104813,-0.380728,0.515058
23,0.0,theta,607,-0.863759,0.026001,0.465751
23,0.0,theta,608,-1.054458,-0.547463,0.457124
23,0.0,theta,609,1.418932,1.134035,0.552181
23,0.0,theta,610,-1.88587,-1.575025,0.527055
23,0.0,theta,611,1.825472,1.391135,0.546483
23,0.0,theta,612,-1.635804,-1.064815,0.477752
23,0.0,theta,613,1.783904,0.015876,0.486067
23,0.0,theta,614,-1.033817,-1.203615,0.486681
23,0.0,theta,615,0.543611,0.137937,0.539752
23,0.0,theta,616,2.184926,1.636845,0.587611
23,0.0,theta,617,1.412439,1.167395,0.553724
23,0.0,theta,618,-0.011643,0.329334,0.507982
23,0.0,theta,619,-1.033466,-1.17319,0.459715
23,0.0,theta,620,0.673054,-0.344673,0.474016
23,0.0,theta,621,0.740479,-0.340954,0.485624
23,0.0,theta,622,-0.116055,-0.121412,0.427799
23,0.0,theta,623,2.328578,1.47244,0.579761
23,0.0,theta,624,-1.20116,-0.62974,0.452522
23,0.0,theta,625,-0.574876,-0.560125,0.487488
23,0.0,theta,626,0.582992,0.690082,0.496191
23,0.0,theta,627,-0.756946,-0.664514,0.479741
23,0.0,theta,628,-1.574105,-2.06677,0.503286
23,0.0,theta,629,1.373935,0.234204,0.512711
23,0.0,theta,630,0.094908,0.15917,0.485269
23,0.0,theta,631,0.501442,0.383225,0.497559
23,0.0,theta,632,1.321715,0.818566,0.517252
23,0.0,theta,633,-1.509314,-1.190925,0.439748
23,0.0,theta,634,0.37345,0.385845,0.508983
23,0.0,theta,635,0.345601,0.260898,0.488999
23,0.0,theta,636,0.625288,0.655729,0.477373
23,0.0,theta,637,1.301469,0.850162,0.516467
23,0.0,theta,638,-0.602733,-0.527566,0.461117
23,0.0,theta,639,0.487058,0.63275,0.540928
23,0.0,theta,640,-0.317698,-0.387723,0.455207
23,0.0,theta,641,2.542591,2.413605,0.632738
23,0.0,theta,642,-0.58142,-0.368014,0.470782
23,0.0,theta,643,0.50074,-0.339302,0.400694
23,0.0,theta,644,2.523586,1.20655,0.561935
23,0.0,theta,645,0.198168,-0.556838,0.472973
23,0.0,theta,646,-0.457029,-0.028701,0.505707
23,0.0,theta,647,-1.006581,-0.914178,0.457711
23,0.0,theta,648,0.924478,1.28052,0.577808
23,0.0,theta,649,0.804223,0.695572,0.530935
23,0.0,theta,650,0.555823,1.441175,0.571215
23,0.0,theta,651,-0.105817,-0.615171,0.485188
23,0.0,theta,652,-0.356336,-0.688538,0.482659
23,0.0,theta,653,0.751052,0.765565,0.544924
23,0.0,theta,654,0.801243,1.38306,0.554846
23,0.0,theta,655,0.915673,1.10588,0.532421
23,0.0,theta,656,-0.856051,-0.811035,0.463447
23,0.0,theta,657,-0.585976,-0.277634,0.513935
23,0.0,theta,658,0.629312,0.438282,0.504777
23,0.0,theta,659,0.974596,0.470068,0.52875
23,0.0,theta,660,-0.143436,-0.208017,0.487684
23,0.0,theta,661,0.318354,0.824883,0.554068
23,0.0,theta,662,-0.18349,0.012558,0.486023
23,0.0,theta,663,-0.067378,-0.10233,0.466417
23,0.0,theta,664,-1.702019,-0.960325,0.480832
23,0.0,theta,665,0.25967,0.736617,0.51591
23,0.0,theta,666,0.365414,0.521254,0.481814
23,0.0,theta,667,-0.278985,-0.690848,0.424628
23,0.0,theta,668,-2.066942,-0.891176,0.435128
23,0.0,theta,669,1.61812,1.698685,0.556312
23,0.0,theta,670,-1.10762,-0.370197,0.443458
23,0.0,theta,671,-1.656037,-1.121255,0.482496
23,0.0,theta,672,-0.270795,-0.617959,0.476928
23,0.0,theta,673,-1.702057,-0.616528,0.486705
23,0.0,theta,674,1.790468,1.296025,0.558208
23,0.0,theta,675,0.316702,0.236698,0.501609
23,0.0,theta,676,1.145118,1.070185,0.576428
23,0.0,theta,677,0.516965,0.339459,0.465755
23,0.0,theta,678,1.032741,0.561936,0.531108
23,0.0,theta,679,-0.769379,-0.666581,0.428546
23,0.0,theta,680,-0.249064,-0.508201,0.500536
23,0.0,theta,681,2.254745,1.691605,0.55774
23,0.0,theta,682,-0.442495,-0.717169,0.453489
23,0.0,theta,683,1.517615,1.489135,0.556744
23,0.0,theta,684,-0.511679,-0.797459,0.426851
23,0.0,theta,685,0.234625,0.276454,0.500255
23,0.0,theta,686,-0.044464,0.39764,0.50071
23,0.0,theta,687,-0.154181,0.425553,0.543664
23,0.0,theta,688,0.741172,-0.252947,0.45547
23,0.0,theta,689,0.427882,0.059777,0.474982
23,0.0,theta,690,-0.215517,-0.120845,0.461877
23,0.0,theta,691,1.112552,1.27529,0.547496
23,0.0,theta,692,-2.281541,-0.900776,0.433103
23,0.0,theta,693,1.40434,1.47558,0.585458
23,0.0,theta,694,-0.881827,-0.909722,0.472871
23,0.0,theta,695,-0.730012,-0.515982,0.49497
23,0.0,theta,696,-2.79512,-1.713755,0.505714
23,0.0,theta,697,-2.246727,-1.370935,0.471594
23,0.0,theta,698,1.402204,1.00454,0.522892
23,0.0,theta,699,-2.510819,-2.26922,0.510427
23,0.0,theta,700,0.255581,-0.219838,0.461314
23,0.0,theta,701,-1.427998,-1.19976,0.448085
23,0.0,theta,702,0.020536,-0.408872,0.452666
23,0.0,theta,703,-1.371822,-1.05977,0.480406
23,0.0,theta,704,1.411527,0.642774,0.52739
23,0.0,theta,705,0.619461,0.321984,0.519782
23,0.0,theta,706,0.830069,1.33606,0.526509
23,0.0,theta,707,-0.926292,-0.407962,0.488205
23,0.0,theta,708,-2.168536,-0.994526,0.487101
23,0.0,theta,709,1.393416,1.397915,0.584874
23,0.0,theta,710,-0.49051,-0.061975,0.504157
23,0.0,theta,711,-0.105831,-0.555336,0.483318
23,0.0,theta,712,-0.223237,0.221884,0.492286
23,0.0,theta,713,0.266452,0.665898,0.488009
23,0.0,theta,714,0.141363,0.797662,0.481601
23,0.0,theta,715,-1.725452,-1.45065,0.442141
23,0.0,theta,716,0.570333,0.668591,0.529946
23,0.0,theta,717,0.820794,0.493459,0.485318
23,0.0,theta,718,-0.537382,-0.770565,0.467135
23,0.0,theta,719,-0.993799,-0.231237,0.486451
23,0.0,theta,720,-0.038567,0.343776,0.482062
23,0.0,theta,721,-0.173881,-0.074727,0.481326
23,0.0,theta,722,-0.602041,0.720171,0.529357
23,0.0,theta,723,1.658972,1.18366,0.568599
23,0.0,theta,724,-1.077154,-1.24277,0.458762
23,0.0,theta,725,-0.112844,-0.860326,0.470015
23,0.0,theta,726,-0.582584,-0.843441,0.487074
23,0.0,theta,727,-0.177313,-0.911258,0.441689
23,0.0,theta,728,-0.987474,-0.873329,0.481461
23,0.0,theta,729,0.377832,-0.199884,0.452869
23,0.0,theta,730,-0.325944,-0.081285,0.446663
23,0.0,theta,731,0.19117,0.746733,0.51448
23,0.0,theta,732,-1.088313,-1.58899,0.508051
23,0.0,theta,733,0.292873,0.105134,0.462624
23,0.0,theta,734,0.664554,1.164825,0.565646
23,0.0,theta,735,-2.336145,-1.46948,0.470618
23,0.0,theta,736,1.63368,1.4262,0.58596
23,0.0,theta,737,-1.190943,-1.152765,0.513515
23,0.0,theta,738,-0.799763,-0.895745,0.446323
23,0.0,theta,739,-0.828658,-0.762696,0.501696
23,0.0,theta,740,1.062597,0.857346,0.538284
23,0.0,theta,741,0.926044,0.928418,0.541645
23,0.0,theta,742,-0.50089,0.034528,0.500354
23,0.0,theta,743,0.08705,-0.044764,0.495596
23,0.0,theta,744,-0.719524,-0.079376,0.447525
23,0.0,theta,745,-2.206321,-1.63054,0.510633
23,0.0,theta,746,1.406725,1.22248,0.55851
23,0.0,theta,747,-0.054745,-0.123308,0.462252
23,0.0,theta,748,-0.6768,-0.304612,0.452402
23,0.0,theta,749,-0.941579,-1.288315,0.502445
23,0.0,theta,750,0.865775,1.03911,0.526961
23,0.0,theta,751,-0.131533,0.132938,0.528129
23,0.0,theta,752,-0.467932,0.596396,0.525883
23,0.0,theta,753,0.299128,0.839844,0.560596
23,0.0,theta,754,-0.393942,-0.634023,0.440856
23,0.0,theta,755,-0.843433,-0.667295,0.490676
23,0.0,theta,756,0.10634,0.294923,0.514115
23,0.0,theta,757,-1.467126,-0.55874,0.470534
23,0.0,theta,758,0.048506,-0.018498,0.488249
23,0.0,theta,759,-1.880411,-1.70411,0.474922
23,0.0,theta,760,-0.647478,-0.366348,0.491756
23,0.0,theta,761,1.229396,0.716827,0.525812
23,0.0,theta,762,0.692488,0.677816,0.525651
23,0.0,theta,763,1.101201,0.836721,0.522751
23,0.0,theta,764,-0.449681,-0.377193,0.461553
23,0.0,theta,765,-0.188694,-0.081681,0.527913
23,0.0,theta,766,-0.4509,-0.912686,0.454008
23,0.0,theta,767,0.038849,-0.362226,0.447277
23,0.0,theta,768,0.888148,0.839096,0.54424
23,0.0,theta,769,-0.4834,-0.773512,0.449529
23,0.0,theta,770,-0.875963,-1.110975,0.463421
23,0.0,theta,771,-0.305044,0.051608,0.486181
23,0.0,theta,772,-0.288926,0.544756,0.528433
23,0.0,theta,773,-1.160253,-0.528746,0.48342
23,0.0,theta,774,-1.348184,-1.460605,0.450813
23,0.0,theta,775,0.115929,0.135902,0.501223
23,0.0,theta,776,-0.48869,-1.375005,0.437419
23,0.0,theta,777,0.258443,0.842601,0.530613
23,0.0,theta,778,-0.519154,-0.754178,0.423508
23,0.0,theta,779,-0.80951,-1.250515,0.511648
23,0.0,theta,780,0.459684,0.231953,0.467999
23,0.0,theta,781,-0.696087,-1.055675,0.422848
23,0.0,theta,782,-0.405189,0.15582,0.476867
23,0.0,theta,783,1.041294,1.02998,0.542395
23,0.0,theta,784,-1.8562,-0.227594,0.447876
23,0.0,theta,785,-0.37113,-0.138583,0.462021
23,0.0,theta,786,0.134865,-0.141495,0.47646
23,0.0,theta,787,-0.43583,-0.429666,0.467638
23,0.0,theta,788,0.513947,1.183855,0.575857
23,0.0,theta,789,0.862697,0.753569,0.501732
23,0.0,theta,790,1.106747,1.214,0.548065
23,0.0,theta,791,-1.185149,-1.09693,0.440727
23,0.0,theta,792,2.574106,2.44427,0.64072
23,0.0,theta,793,0.894296,1.101395,0.554596
23,0.0,theta,794,1.536508,1.07813,0.570003
23,0.0,theta,795,-0.276011,-0.216019,0.478085
23,0.0,theta,796,0.138268,0.455059,0.509533
23,0.0,theta,797,1.307126,0.150245,0.475246
23,0.0,theta,798,0.634425,0.589714,0.491547
23,0.0,theta,799,1.010483,1.01288,0.546927
23,0.0,theta,800,-0.564397,-0.791687,0.44696
23,0.0,theta,801,-0.428798,0.870082,0.527803
23,0.0,theta,802,0.6819,0.322404,0.532192
23,0.0,theta,803,0.384824,0.134026,0.454749
23,0.0,theta,804,-0.360354,-1.2212,0.434401
23,0.0,theta,805,0.669433,1.09379,0.53999
23,0.0,theta,806,1.331903,1.01034,0.533804
23,0.0,theta,807,0.038216,0.350524,0.498643
23,0.0,theta,808,-1.257986,-1.49996,0.457322
23,0.0,theta,809,-0.785357,-1.144155,0.489955
23,0.0,theta,810,0.63362,0.084883,0.537954
23,0.0,theta,811,0.875489,0.965606,0.550432
23,0.0,theta,812,-1.12597,-0.881052,0.480536
23,0.0,theta,813,0.388934,-0.080305,0.461454
23,0.0,theta,814,-0.784674,-1.51882,0.469456
23,0.0,theta,815,0.353746,-0.150382,0.48006
23,0.0,theta,816,0.205848,0.479292,0.503843
23,0.0,theta,817,0.768646,0.673286,0.521565
23,0.0,theta,818,-0.237476,0.541885,0.480492
23,0.0,theta,819,0.119992,0.211204,0.515428
23,0.0,theta,820,0.001089,0.749702,0.517697
23,0.0,theta,821,-0.707998,-1.4342,0.452246
23,0.0,theta,822,0.844928,0.296472,0.539326
23,0.0,theta,823,1.959853,1.71735,0.582607
23,0.0,theta,824,0.784167,0.565584,0.51706
23,0.0,theta,825,-0.551163,-0.57444,0.447617
23,0.0,theta,826,0.345653,1.12325,0.538851
23,0.0,theta,827,-0.221724,0.60457,0.52122
23,0.0,theta,828,-0.146475,-1.047055,0.440506
23,0.0,theta,829,0.748832,1.04276,0.55233
23,0.0,theta,830,1.738212,0.299721,0.500436
23,0.0,theta,831,0.515371,1.09071,0.572619
23,0.0,theta,832,-0.556034,-0.86201,0.445742
23,0.0,theta,833,-0.258136,-0.352087,0.452709
23,0.0,theta,834,-0.565175,-0.367046,0.463993
23,0.0,theta,835,0.529537,0.701276,0.511058
23,0.0,theta,836,-0.71881,0.073392,0.461936
23,0.0,theta,837,0.30204,-0.226716,0.465899
23,0.0,theta,838,0.492073,0.211132,0.48984
23,0.0,theta,839,-0.132403,0.482572,0.500295
23,0.0,theta,840,0.382079,-0.070386,0.448609
23,0.0,theta,841,0.449189,0.582426,0.538032
23,0.0,theta,842,-1.086664,-1.257785,0.435374
23,0.0,theta,843,-0.053062,-0.3477,0.489112
23,0.0,theta,844,-0.298657,0.5779,0.528332
23,0.0,theta,845,1.030555,0.825412,0.524648
23,0.0,theta,846,1.821176,1.61555,0.584781
23,0.0,theta,847,0.565866,0.546962,0.519947
23,0.0,theta,848,0.8244,0.081553,0.489797
23,0.0,theta,849,-0.110592,-0.063413,0.483287
23,0.0,theta,850,-1.21646,-0.969847,0.468185
23,0.0,theta,851,-0.67415,-1.010235,0.442655
23,0.0,theta,852,0.446533,1.187395,0.519111
23,0.0,theta,853,0.750198,1.25189,0.562502
23,0.0,theta,854,-0.827629,-0.613307,0.434882
23,0.0,theta,855,2.237892,1.45515,0.548652
23,0.0,theta,856,-0.049132,-0.269171,0.490525
23,0.0,theta,857,0.676378,0.683469,0.521212
23,0.0,theta,858,-0.864749,-0.805397,0.507748
23,0.0,theta,859,0.331974,0.736281,0.528263
23,0.0,theta,860,-0.668257,-0.836037,0.474565
23,0.0,theta,861,-0.484763,-0.774948,0.447074
23,0.0,theta,862,-1.816009,-1.154935,0.453068
23,0.0,theta,863,2.317803,0.904443,0.570842
23,0.0,theta,864,-1.39828,-0.388476,0.485481
23,0.0,theta,865,0.010639,0.177448,0.442558
23,0.0,theta,866,-0.60646,-0.656172,0.484126
23,0.0,theta,867,-0.4389,-0.471138,0.484467
23,0.0,theta,868,0.762533,1.050685,0.535349
23,0.0,theta,869,-0.497656,-0.463212,0.484588
23,0.0,theta,870,0.325986,0.021785,0.468354
23,0.0,theta,871,1.23761,1.2485,0.527507
23,0.0,theta,872,0.414208,-0.016215,0.505663
23,0.0,theta,873,0.339648,-0.790747,0.485603
23,0.0,theta,874,1.498385,0.726912,0.52728
23,0.0,theta,875,0.637399,0.08073,0.55754
23,0.0,theta,876,1.117109,1.49193,0.578763
23,0.0,theta,877,-0.478256,-0.653928,0.456825
23,0.0,theta,878,0.460345,0.872638,0.535571
23,0.0,theta,879,1.109045,1.00492,0.532018
23,0.0,theta,880,1.474884,1.26916,0.566761
23,0.0,theta,881,-0.277359,0.467422,0.509423
23,0.0,theta,882,-0.001647,-0.265238,0.465315
23,0.0,theta,883,0.317202,0.218221,0.518553
23,0.0,theta,884,0.780076,1.879585,0.597348
23,0.0,theta,885,1.027079,1.0244,0.515556
23,0.0,theta,886,-0.531082,-0.333091,0.473737
23,0.0,theta,887,2.665687,2.06665,0.580902
23,0.0,theta,888,-1.390559,0.193116,0.503927
23,0.0,theta,889,0.3142,0.186621,0.517969
23,0.0,theta,890,-0.203819,0.183042,0.487725
23,0.0,theta,891,-1.521244,-1.238315,0.446456
23,0.0,theta,892,-0.635927,-0.67417,0.488539
23,0.0,theta,893,-1.186297,-1.98529,0.495489
23,0.0,theta,894,-0.212667,0.038382,0.467528
23,0.0,theta,895,-0.248827,-0.945884,0.468638
23,0.0,theta,896,-0.175592,0.05389,0.487209
23,0.0,theta,897,-0.448732,-0.031689,0.463719
23,0.0,theta,898,0.280655,0.393225,0.531375
23,0.0,theta,899,-1.221247,-1.295375,0.466862
23,0.0,theta,900,-0.093661,0.028017,0.468677
23,0.0,theta,901,0.121097,-0.193102,0.40365
23,0.0,theta,902,-0.152335,-0.159258,0.496367
23,0.0,theta,903,0.272707,-0.179192,0.470261
23,0.0,theta,904,-0.017942,0.171132,0.521241
23,0.0,theta,905,0.440919,1.11961,0.529885
23,0.0,theta,906,0.189787,-0.433461,0.415113
23,0.0,theta,907,-0.463653,-0.261137,0.475038
23,0.0,theta,908,1.258882,0.731987,0.523079
23,0.0,theta,909,-1.037511,-0.26699,0.485219
23,0.0,theta,910,1.640633,0.931278,0.53018
23,0.0,theta,911,-0.2416,-0.742884,0.466605
23,0.0,theta,912,0.005173,-0.113362,0.486076
23,0.0,theta,913,-0.771081,-0.813141,0.462118
23,0.0,theta,914,-2.072788,-1.090815,0.442163
23,0.0,theta,915,1.678816,1.59824,0.579062
23,0.0,theta,916,0.407821,0.578169,0.513159
23,0.0,theta,917,0.296903,0.478944,0.483946
23,0.0,theta,918,1.02672,0.339717,0.495238
23,0.0,theta,919,0.118647,0.340936,0.483713
23,0.0,theta,920,-2.471968,-1.114605,0.469557
23,0.0,theta,921,-0.477941,0.12337,0.469477
23,0.0,theta,922,-0.502227,-0.559928,0.47187
23,0.0,theta,923,-0.198673,-0.197063,0.457592
23,0.0,theta,924,-0.251151,-0.122878,0.47422
23,0.0,theta,925,0.512612,0.201744,0.462268
23,0.0,theta,926,1.544504,1.318005,0.571542
23,0.0,theta,927,-0.462914,-0.587452,0.459523
23,0.0,theta,928,-1.003942,-0.136932,0.503457
23,0.0,theta,929,-0.663102,-0.719274,0.460368
23,0.0,theta,930,-0.031077,-0.048524,0.481714
23,0.0,theta,931,1.115599,1.22898,0.560771
23,0.0,theta,932,-0.406968,-0.269608,0.523403
23,0.0,theta,933,0.459829,0.452744,0.511012
23,0.0,theta,934,2.112033,1.45174,0.549932
23,0.0,theta,935,0.022764,0.009053,0.473805
23,0.0,theta,936,1.122686,1.12009,0.534272
23,0.0,theta,937,1.024602,0.679914,0.515858
23,0.0,theta,938,-0.732541,-0.159438,0.499562
23,0.0,theta,939,-1.300062,-1.008955,0.480717
23,0.0,theta,940,0.882181,1.235775,0.558966
23,0.0,theta,941,-0.871999,-0.11913,0.457148
23,0.0,theta,942,1.688893,1.15948,0.553205
23,0.0,theta,943,-0.600108,-0.320686,0.464548
23,0.0,theta,944,1.888685,2.412205,0.615901
23,0.0,theta,945,1.099808,0.318666,0.505621
23,0.0,theta,946,-2.026187,-1.662545,0.524775
23,0.0,theta,947,-1.911126,-1.46111,0.448273
23,0.0,theta,948,-0.051943,-0.229017,0.472883
23,0.0,theta,949,-0.447165,-0.522007,0.469066
23,0.0,theta,950,0.35201,0.319617,0.493944
23,0.0,theta,951,-0.066452,-0.302334,0.477608
23,0.0,theta,952,0.775976,0.53496,0.520363
23,0.0,theta,953,1.49007,1.027355,0.579889
23,0.0,theta,954,-0.661651,-0.880894,0.469338
23,0.0,theta,955,-1.290552,-1.044185,0.449628
23,0.0,theta,956,-1.239707,-0.405518,0.472795
23,0.0,theta,957,-0.522892,-0.352937,0.514661
23,0.0,theta,958,-0.559021,-0.302126,0.4857
23,0.0,theta,959,-0.537241,-0.952757,0.482002
23,0.0,theta,960,0.610188,0.23576,0.524762
23,0.0,theta,961,-0.560164,-0.328193,0.49095
23,0.0,theta,962,0.062061,0.25452,0.482903
23,0.0,theta,963,-0.088464,-0.425712,0.439747
23,0.0,theta,964,-1.405782,-1.03451,0.466298
23,0.0,theta,965,0.60937,1.141115,0.537973
23,0.0,theta,966,0.10312,1.127005,0.564361
23,0.0,theta,967,1.661557,-0.058181,0.521275
23,0.0,theta,968,-1.817996,-0.574656,0.454101
23,0.0,theta,969,-0.208913,-0.706793,0.459038
23,0.0,theta,970,0.188849,0.019254,0.467226
23,0.0,theta,971,-0.971988,0.170872,0.499267
23,0.0,theta,972,-0.686311,-0.198088,0.520558
23,0.0,theta,973,0.469284,0.445658,0.517305
23,0.0,theta,974,1.086514,0.344118,0.473657
23,0.0,theta,975,-0.485869,-0.727206,0.46132
23,0.0,theta,976,-0.034219,-0.591613,0.476293
23,0.0,theta,977,0.951536,1.820535,0.598281
23,0.0,theta,978,-0.2912,0.628726,0.499249
23,0.0,theta,979,-0.033015,-0.602807,0.478436
23,0.0,theta,980,-0.136549,0.147968,0.481466
23,0.0,theta,981,-1.489148,-0.920529,0.450837
23,0.0,theta,982,1.649037,1.773325,0.602985
23,0.0,theta,983,-0.244728,-0.780502,0.481781
23,0.0,theta,984,-0.298062,0.051277,0.46998
23,0.0,theta,985,-0.331847,-0.066875,0.477035
23,0.0,theta,986,1.284343,1.29263,0.532657
23,0.0,theta,987,0.013408,0.024573,0.491096
23,0.0,theta,988,0.268551,0.135479,0.509735
23,0.0,theta,989,0.233509,0.683235,0.491409
23,0.0,theta,990,1.875606,1.2008,0.5699
23,0.0,theta,991,0.40265,0.257579,0.505297
23,0.0,theta,992,-0.093169,0.218494,0.496929
23,0.0,theta,993,-1.446081,-0.96053,0.430403
23,0.0,theta,994,-0.337021,-0.174719,0.463622
23,0.0,theta,995,0.795152,1.445615,0.572904
23,0.0,theta,996,-0.208964,-0.048445,0.461487
23,0.0,theta,997,-1.402307,-0.195514,0.468298
23,0.0,theta,998,-1.393523,-0.145064,0.454403
23,0.0,theta,999,-0.046359,-0.89348,0.456093
23,0.0,theta,1000,-1.371741,-1.913995,0.495517
23,0.0,theta,1001,0.181377,0.29121,0.510285
23,0.0,theta,1002,0.280927,0.328908,0.528755
23,0.0,theta,1003,-1.089356,-1.163055,0.433251
23,0.0,theta,1004,-0.551436,-0.726746,0.457323
23,0.0,theta,1005,-0.323627,-0.574472,0.453957
23,0.0,theta,1006,-0.702543,-1.63934,0.495366
23,0.0,theta,1007,0.477624,0.597544,0.50673
23,0.0,theta,1008,-0.661734,-0.322774,0.472058
23,0.0,theta,1009,-1.674778,-1.186465,0.498094
23,0.0,theta,1010,1.040873,1.216445,0.562998
23,0.0,theta,1011,1.309248,0.393153,0.528726
23,0.0,theta,1012,0.638493,0.84107,0.506997
23,0.0,theta,1013,-1.410836,-1.12021,0.454477
23,0.0,theta,1014,1.523941,0.910137,0.509077
23,0.0,theta,1015,0.115003,0.116395,0.486663
23,0.0,theta,1016,2.358756,1.94368,0.589926
23,0.0,theta,1017,-1.038037,-0.855652,0.452176
23,0.0,theta,1018,-0.431047,-0.028233,0.486687
23,0.0,theta,1019,-0.33349,0.192711,0.485221
23,0.0,theta,1020,-0.366712,-0.452422,0.475659
23,0.0,theta,1021,-1.239078,-1.20346,0.446755
23,0.0,theta,1022,1.667224,1.115275,0.553335
23,0.0,theta,1023,-0.239216,-0.765563,0.473761
23,0.0,theta,1024,0.175651,0.895332,0.524107
23,0.0,theta,1025,-0.424694,0.07142,0.525796
23,0.0,theta,1026,0.758189,0.792144,0.538845
23,0.0,theta,1027,0.530508,0.155732,0.440474
23,0.0,theta,1028,-0.169776,-0.278126,0.475333
23,0.0,theta,1029,0.842486,1.05948,0.537842
23,0.0,theta,1030,-1.091387,-0.86577,0.475938
23,0.0,theta,1031,0.118861,0.466808,0.50263
23,0.0,theta,1032,-1.358764,-0.558373,0.449772
23,0.0,theta,1033,-0.495168,-0.575912,0.455919
23,0.0,theta,1034,1.34632,1.354905,0.575154
23,0.0,theta,1035,0.656538,1.857405,0.569335
23,0.0,theta,1036,0.467774,0.048886,0.504074
23,0.0,theta,1037,-0.117295,-0.094124,0.474725
23,0.0,theta,1038,1.187805,1.095995,0.524829
23,0.0,theta,1039,1.086309,0.373836,0.520025
23,0.0,theta,1040,-0.324133,-0.495976,0.465309
23,0.0,theta,1041,0.373883,0.654533,0.500661
23,0.0,theta,1042,-1.038534,-1.130075,0.458891
23,0.0,theta,1043,0.879142,0.80735,0.527398
23,0.0,theta,1044,0.110155,-0.298474,0.48136
23,0.0,theta,1045,0.193744,0.387012,0.526934
23,0.0,theta,1046,0.579724,0.964159,0.540627
23,0.0,theta,1047,0.76773,0.825149,0.519072
23,0.0,theta,1048,0.232364,-0.010243,0.497433
23,0.0,theta,1049,0.621567,-0.506224,0.464388
23,0.0,theta,1050,-0.036196,0.363616,0.483144
23,0.0,theta,1051,1.625781,1.00446,0.541452
23,0.0,theta,1052,0.392137,0.111556,0.505633
23,0.0,theta,1053,0.850933,0.752028,0.551728
23,0.0,theta,1054,0.148434,0.348764,0.502574
23,0.0,theta,1055,-0.719954,-0.529074,0.454896
23,0.0,theta,1056,1.01401,0.558941,0.537453
23,0.0,theta,1057,-0.169856,0.027941,0.487136
23,0.0,theta,1058,-1.838098,-1.179685,0.45653
23,0.0,theta,1059,-0.906725,-1.1469,0.422657
23,0.0,theta,1060,0.283323,0.88138,0.509258
23,0.0,theta,1061,0.302383,0.689694,0.489706
23,0.0,theta,1062,-1.024576,-1.342005,0.465143
23,0.0,theta,1063,1.34242,1.599655,0.557153
23,0.0,theta,1064,-0.472935,-0.603692,0.447867
23,0.0,theta,1065,0.416119,0.227852,0.50337
23,0.0,theta,1066,-0.811668,-0.901108,0.457893
23,0.0,theta,1067,0.533062,0.100747,0.461225
23,0.0,theta,1068,-0.297853,-0.255933,0.45889
23,0.0,theta,1069,-0.558296,-0.552382,0.497831
23,0.0,theta,1070,0.197597,0.812992,0.498831
23,0.0,theta,1071,0.396198,0.687509,0.534389
23,0.0,theta,1072,0.82144,0.701496,0.506148
23,0.0,theta,1073,-0.465004,0.489684,0.531881
23,0.0,theta,1074,0.159999,0.496972,0.530499
23,0.0,theta,1075,0.61143,-0.074637,0.549107
23,0.0,theta,1076,-0.390615,-0.661048,0.475621
23,0.0,theta,1077,-1.234471,-1.526455,0.459852
23,0.0,theta,1078,-2.119582,-1.112935,0.45705
23,0.0,theta,1079,1.768011,1.49239,0.562806
23,0.0,theta,1080,-0.421701,-0.755121,0.448138
23,0.0,theta,1081,-0.035872,0.280499,0.512456
23,0.0,theta,1082,0.193647,0.330123,0.489418
23,0.0,theta,1083,-1.375184,-1.51702,0.478225
23,0.0,theta,1084,-1.950008,-1.854975,0.482783
23,0.0,theta,1085,-1.104771,-1.003145,0.458063
23,0.0,theta,1086,-0.555053,-0.197256,0.508903
23,0.0,theta,1087,-1.629631,-0.860104,0.506994
23,0.0,theta,1088,-0.782236,-0.743666,0.475197
23,0.0,theta,1089,0.32338,0.615733,0.513945
23,0.0,theta,1090,-1.510959,-1.72965,0.480501
23,0.0,theta,1091,1.082837,1.019635,0.517458
23,0.0,theta,1092,1.526701,1.433865,0.578052
23,0.0,theta,1093,0.436867,-0.334,0.456082
23,0.0,theta,1094,-1.519566,-1.258485,0.498464
23,0.0,theta,1095,0.171316,-0.530409,0.492636
23,0.0,theta,1096,1.431057,1.249705,0.548615
23,0.0,theta,1097,-0.531248,-0.081848,0.498138
23,0.0,theta,1098,0.537723,-0.354068,0.464675
23,0.0,theta,1099,-0.162532,-0.357172,0.470796
23,0.0,theta,1100,-0.654773,-0.900058,0.490982
23,0.0,theta,1101,1.197026,1.110615,0.531731
23,0.0,theta,1102,-1.658912,-2.04053,0.501407
23,0.0,theta,1103,-0.857318,0.211933,0.496532
23,0.0,theta,1104,-0.176162,-0.978506,0.457434
23,0.0,theta,1105,0.209505,-0.228658,0.478128
23,0.0,theta,1106,0.434409,0.68119,0.517529
23,0.0,theta,1107,1.470352,1.507035,0.577346
23,0.0,theta,1108,-0.060064,0.258068,0.512456
23,0.0,theta,1109,-0.44713,-1.39843,0.475661
23,0.0,theta,1110,0.161183,0.38983,0.513623
23,0.0,theta,1111,0.945834,0.524274,0.483702
23,0.0,theta,1112,0.085118,0.561266,0.537938
23,0.0,theta,1113,1.175562,0.925688,0.530668
23,0.0,theta,1114,-0.081718,-0.268178,0.466645
23,0.0,theta,1115,-0.822793,-0.780864,0.456564
23,0.0,theta,1116,1.403186,0.664952,0.507718
23,0.0,theta,1117,0.753661,0.538174,0.533399
23,0.0,theta,1118,-0.324446,0.643169,0.528565
23,0.0,theta,1119,0.883937,1.421385,0.564711
23,0.0,theta,1120,-1.403441,-0.920259,0.443219
23,0.0,theta,1121,-0.497866,-0.333052,0.457104
23,0.0,theta,1122,-0.819335,-1.13564,0.463855
23,0.0,theta,1123,1.799664,1.08352,0.575633
23,0.0,theta,1124,1.098451,0.990666,0.536063
23,0.0,theta,1125,-0.624809,0.25437,0.508455
23,0.0,theta,1126,0.456766,0.033499,0.501966
23,0.0,theta,1127,0.575889,0.634094,0.479694
23,0.0,theta,1128,0.406941,-0.076308,0.489493
23,0.0,theta,1129,-0.703902,-0.245203,0.454438
23,0.0,theta,1130,-0.572139,-0.186528,0.424367
23,0.0,theta,1131,-0.87644,-0.595103,0.446025
23,0.0,theta,1132,1.513368,1.01549,0.513359
23,0.0,theta,1133,-0.595389,-1.010135,0.474718
23,0.0,theta,1134,-2.086167,-1.814555,0.479532
23,0.0,theta,1135,0.33637,0.776438,0.546857
23,0.0,theta,1136,-0.547223,0.103172,0.509171
23,0.0,theta,1137,0.004705,0.888072,0.547024
23,0.0,theta,1138,0.57682,0.707404,0.558435
23,0.0,theta,1139,1.132,1.51358,0.576192
23,0.0,theta,1140,-1.020151,-0.638122,0.471072
23,0.0,theta,1141,-1.914887,-1.646235,0.480677
23,0.0,theta,1142,0.929844,0.949942,0.530217
23,0.0,theta,1143,2.147601,1.54942,0.57476
23,0.0,theta,1144,0.800569,0.730398,0.529674
23,0.0,theta,1145,0.316473,-0.149963,0.494004
23,0.0,theta,1146,0.774008,0.413898,0.490384
23,0.0,theta,1147,1.069904,0.611998,0.498572
23,0.0,theta,1148,0.052329,0.026083,0.471893
23,0.0,theta,1149,0.688787,0.38265,0.513827
23,0.0,theta,1150,-0.538775,-0.49212,0.437994
23,0.0,theta,1151,1.309684,1.19793,0.546646
23,0.0,theta,1152,-1.416816,-0.961722,0.473529
23,0.0,theta,1153,1.193889,1.23112,0.534335
23,0.0,theta,1154,0.657928,1.06752,0.545968
23,0.0,theta,1155,1.446321,1.153135,0.550535
23,0.0,theta,1156,-0.439478,-0.572341,0.414953
23,0.0,theta,1157,-0.518203,-0.462892,0.486838
23,0.0,theta,1158,1.270475,1.195035,0.574308
23,0.0,theta,1159,-1.666464,-0.911364,0.437205
23,0.0,theta,1160,0.150966,-0.345015,0.429101
23,0.0,theta,1161,0.430079,0.02199,0.540162
23,0.0,theta,1162,0.483715,1.09347,0.507199
23,0.0,theta,1163,-0.002311,-0.440958,0.523532
23,0.0,theta,1164,1.973758,1.94713,0.588458
23,0.0,theta,1165,0.536587,0.836066,0.539391
23,0.0,theta,1166,-0.573197,-0.507009,0.476164
23,0.0,theta,1167,1.140671,0.665184,0.530552
23,0.0,theta,1168,-0.207822,-0.299788,0.483273
23,0.0,theta,1169,-0.005152,0.556619,0.512957
23,0.0,theta,1170,0.338045,-0.392496,0.496611
23,0.0,theta,1171,0.362117,0.065254,0.433307
23,0.0,theta,1172,0.971424,0.642273,0.527702
23,0.0,theta,1173,-0.970472,-0.135133,0.486306
23,0.0,theta,1174,-0.517233,-0.51154,0.468356
23,0.0,theta,1175,1.578524,1.08253,0.583229
23,0.0,theta,1176,0.003457,0.13348,0.497809
23,0.0,theta,1177,-0.152839,-0.345161,0.46748
23,0.0,theta,1178,-0.211652,-0.270272,0.487917
23,0.0,theta,1179,-0.038808,0.404404,0.485668
23,0.0,theta,1180,-0.273377,0.265364,0.486837
23,0.0,theta,1181,-0.969503,-1.628465,0.4856
23,0.0,theta,1182,-0.317318,-0.822398,0.453859
23,0.0,theta,1183,0.645074,0.994961,0.553084
23,0.0,theta,1184,-1.972852,-0.710311,0.47153
23,0.0,theta,1185,0.114024,-0.315381,0.458152
23,0.0,theta,1186,-0.715961,0.24327,0.474156
23,0.0,theta,1187,0.367482,0.228561,0.473513
23,0.0,theta,1188,2.24769,1.59528,0.58408
23,0.0,theta,1189,-0.168137,-0.362948,0.509625
23,0.0,theta,1190,0.15878,0.54165,0.501408
23,0.0,theta,1191,-0.504687,0.126492,0.529188
23,0.0,theta,1192,1.781394,1.098425,0.552308
23,0.0,theta,1193,0.301621,-1.21334,0.47939
23,0.0,theta,1194,-0.212382,0.225109,0.499524
23,0.0,theta,1195,-0.361688,-1.35683,0.516231
23,0.0,theta,1196,0.329936,0.26271,0.5018
23,0.0,theta,1197,0.145751,-0.892342,0.468422
23,0.0,theta,1198,1.664383,0.770549,0.523613
23,0.0,theta,1199,-0.941087,-0.289148,0.478213
23,0.0,theta,1200,0.088469,-0.570245,0.472284
23,0.0,theta,1201,-1.368655,-1.168755,0.458664
23,0.0,theta,1202,-0.642733,-0.427462,0.49006
23,0.0,theta,1203,0.441496,0.412162,0.521945
23,0.0,theta,1204,-0.552596,-1.18496,0.469835
23,0.0,theta,1205,0.121288,-0.244888,0.48477
23,0.0,theta,1206,0.258186,-0.53927,0.440424
23,0.0,theta,1207,0.006451,-0.595946,0.460693
23,0.0,theta,1208,1.261388,1.054955,0.537233
23,0.0,theta,1209,0.407975,0.571487,0.501213
23,0.0,theta,1210,0.636315,0.648545,0.569674
23,0.0,theta,1211,-0.141092,-0.901114,0.482368
23,0.0,theta,1212,-0.064929,-1.12195,0.45951
23,0.0,theta,1213,-0.563537,-0.099623,0.475309
23,0.0,theta,1214,0.43601,0.704775,0.54631
23,0.0,theta,1215,-0.014799,-0.287635,0.481931
23,0.0,theta,1216,3.938067,3.0021,0.644666
23,0.0,theta,1217,-0.61029,0.149065,0.487246
23,0.0,theta,1218,-0.353656,0.047603,0.48112
23,0.0,theta,1219,0.008723,0.252362,0.511502
23,0.0,theta,1220,-1.215312,-1.10463,0.499965
23,0.0,theta,1221,-0.240789,0.639449,0.486987
23,0.0,theta,1222,-0.669963,-0.637856,0.488287
23,0.0,theta,1223,-1.470456,-1.217245,0.453774
23,0.0,theta,1224,0.721932,0.397274,0.527947
23,0.0,theta,1225,0.262464,0.435628,0.503825
23,0.0,theta,1226,0.268656,0.12947,0.477865
23,0.0,theta,1227,-1.688696,-0.705679,0.492996
23,0.0,theta,1228,-0.525232,-1.4624,0.4883
23,0.0,theta,1229,-0.173038,0.08748,0.505205
23,0.0,theta,1230,-0.104627,0.20452,0.500224
23,0.0,theta,1231,-1.445009,-1.53906,0.460529
23,0.0,theta,1232,0.228416,0.134157,0.487569
23,0.0,theta,1233,0.798338,0.691592,0.530021
23,0.0,theta,1234,-1.204331,-1.5383,0.453781
23,0.0,theta,1235,0.798873,0.226825,0.505256
23,0.0,theta,1236,-1.778021,-1.49379,0.491716
23,0.0,theta,1237,0.750615,0.666655,0.493439
23,0.0,theta,1238,-1.114488,-1.169135,0.475481
23,0.0,theta,1239,-0.611295,-0.49926,0.437645
23,0.0,theta,1240,-0.579129,-1.07691,0.486021
23,0.0,theta,1241,-0.456592,-0.235349,0.477405
23,0.0,theta,1242,-0.537533,-0.025587,0.46164
23,0.0,theta,1243,1.214828,0.784651,0.51398
23,0.0,theta,1244,0.825712,0.122704,0.479146
23,0.0,theta,1245,1.304483,0.90771,0.546121
23,0.0,theta,1246,0.456567,-0.424408,0.453137
23,0.0,theta,1247,-1.170702,-1.0914,0.480307
23,0.0,theta,1248,-0.162556,-1.423345,0.480311
23,0.0,theta,1249,-2.164769,-0.965132,0.49946
23,0.0,theta,1250,1.044093,0.641372,0.513241
23,0.0,theta,1251,0.011905,0.240026,0.472568
23,0.0,theta,1252,1.621897,1.668325,0.583117
23,0.0,theta,1253,-0.341624,0.64607,0.527656
23,0.0,theta,1254,0.46136,0.05398,0.462132
23,0.0,theta,1255,-0.93921,0.100478,0.541587
23,0.0,theta,1256,1.853886,0.960504,0.553115
23,0.0,theta,1257,-0.146396,-0.105634,0.535687
23,0.0,theta,1258,1.477051,1.1182,0.547304
23,0.0,theta,1259,0.260686,0.644231,0.532711
23,0.0,theta,1260,0.156608,0.550038,0.535775
23,0.0,theta,1261,-0.296932,-0.44517,0.456135
23,0.0,theta,1262,0.547452,0.515183,0.491682
23,0.0,theta,1263,-1.253463,-1.39205,0.477955
23,0.0,theta,1264,-0.186928,-0.639065,0.454304
23,0.0,theta,1265,-0.543557,0.308211,0.509215
23,0.0,theta,1266,1.48089,1.32678,0.556256
23,0.0,theta,1267,-0.460019,-0.364724,0.500788
23,0.0,theta,1268,0.437569,0.501712,0.550494
23,0.0,theta,1269,-0.748623,-0.666761,0.476842
23,0.0,theta,1270,-0.806631,-0.857799,0.431538
23,0.0,theta,1271,0.095457,-0.323015,0.465989
23,0.0,theta,1272,-0.628357,-0.889719,0.500151
23,0.0,theta,1273,0.354246,0.19385,0.494549
23,0.0,theta,1274,-1.707203,-1.26784,0.49429
23,0.0,theta,1275,-0.425158,-0.958431,0.478937
23,0.0,theta,1276,1.046377,1.24577,0.561598
23,0.0,theta,1277,-1.27685,-1.621465,0.501751
23,0.0,theta,1278,1.759827,1.45174,0.562065
23,0.0,theta,1279,0.198842,0.644864,0.520133
23,0.0,theta,1280,0.297386,-0.097146,0.498739
23,0.0,theta,1281,2.034318,1.10545,0.546998
23,0.0,theta,1282,1.025331,0.847252,0.503011
23,0.0,theta,1283,-0.560937,-0.821562,0.46588
23,0.0,theta,1284,0.803133,0.93263,0.538611
23,0.0,theta,1285,0.356331,0.742467,0.524199
23,0.0,theta,1286,0.320223,0.326495,0.520932
23,0.0,theta,1287,-1.607101,-1.5428,0.463031
23,0.0,theta,1288,-0.365991,-0.151922,0.48869
23,0.0,theta,1289,0.335877,0.257236,0.478835
23,0.0,theta,1290,-0.306975,0.219974,0.479035
23,0.0,theta,1291,-0.513906,-0.7569,0.477826
23,0.0,theta,1292,-1.925499,-1.55645,0.464598
23,0.0,theta,1293,0.512746,0.417463,0.503333
23,0.0,theta,1294,0.873359,0.923657,0.531252
23,0.0,theta,1295,0.011421,0.526451,0.517392
23,0.0,theta,1296,-1.102038,-1.02623,0.506193
23,0.0,theta,1297,0.171444,-0.538245,0.461067
23,0.0,theta,1298,-0.903932,-1.136675,0.443265
23,0.0,theta,1299,1.040821,1.31923,0.561398
23,0.0,theta,1300,3.055944,2.18044,0.610324
23,0.0,theta,1301,-0.067366,0.343778,0.481848
23,0.0,theta,1302,-0.636043,-0.948692,0.421962
23,0.0,theta,1303,-0.602126,-0.306091,0.466173
23,0.0,theta,1304,-1.912936,-1.71338,0.480564
23,0.0,theta,1305,0.179869,-0.315538,0.507594
23,0.0,theta,1306,-1.187843,-1.326305,0.451703
23,0.0,theta,1307,-1.805396,-1.945915,0.481379
23,0.0,theta,1308,0.563165,0.458105,0.536729
23,0.0,theta,1309,0.733805,0.301222,0.490814
23,0.0,theta,1310,0.29264,0.335615,0.468263
23,0.0,theta,1311,0.92518,1.069665,0.541897
23,0.0,theta,1312,-0.140545,-0.016697,0.444395
23,0.0,theta,1313,-0.411551,0.062292,0.475783
23,0.0,theta,1314,-1.235577,-0.92373,0.43032
23,0.0,theta,1315,-0.902346,-1.22349,0.457674
23,0.0,theta,1316,0.600311,0.488878,0.532678
23,0.0,theta,1317,0.533156,-0.866912,0.467601
23,0.0,theta,1318,0.112241,-0.247414,0.459631
23,0.0,theta,1319,2.414064,1.78543,0.586604
23,0.0,theta,1320,-1.332585,-0.793468,0.460192
23,0.0,theta,1321,0.205709,0.04676,0.507357
23,0.0,theta,1322,-0.906454,-0.474895,0.475791
23,0.0,theta,1323,-0.176359,0.502244,0.501763
23,0.0,theta,1324,-0.902961,-0.913304,0.434026
23,0.0,theta,1325,-1.221244,-0.033001,0.514547
23,0.0,theta,1326,0.014317,0.324114,0.518799
23,0.0,theta,1327,1.139389,0.872216,0.517324
23,0.0,theta,1328,1.739546,0.376205,0.4945
23,0.0,theta,1329,-0.798228,-1.45761,0.450616
23,0.0,theta,1330,0.279733,1.151685,0.552638
23,0.0,theta,1331,-1.512557,-1.07113,0.477162
23,0.0,theta,1332,-0.063955,0.282812,0.518165
23,0.0,theta,1333,0.182855,0.743432,0.522922
23,0.0,theta,1334,-0.638738,-0.880148,0.487211
23,0.0,theta,1335,1.726754,1.387775,0.552117
23,0.0,theta,1336,-0.26384,0.482345,0.490001
23,0.0,theta,1337,0.176114,-0.058133,0.519779
23,0.0,theta,1338,-1.205469,-0.283284,0.479165
23,0.0,theta,1339,0.124845,-0.632948,0.530839
23,0.0,theta,1340,1.407588,0.934646,0.561823
23,0.0,theta,1341,0.526994,0.154706,0.500694
23,0.0,theta,1342,-0.922969,-1.09271,0.435778
23,0.0,theta,1343,0.082293,-0.019168,0.489535
23,0.0,theta,1344,1.928634,1.1929,0.558359
23,0.0,theta,1345,0.194695,0.12596,0.50652
23,0.0,theta,1346,-0.514088,-0.082146,0.481031
23,0.0,theta,1347,-0.869377,0.223366,0.470116
23,0.0,theta,1348,-1.393378,-1.376855,0.481677
23,0.0,theta,1349,0.290089,-0.067535,0.493432
23,0.0,theta,1350,-0.371708,-0.138748,0.52032
23,0.0,theta,1351,-0.845685,-0.463789,0.504108
23,0.0,theta,1352,-2.267001,-1.446975,0.474512
23,0.0,theta,1353,0.073017,-0.290871,0.500628
23,0.0,theta,1354,2.137089,1.67168,0.607661
23,0.0,theta,1355,-1.439651,-0.9244,0.477221
23,0.0,theta,1356,0.737591,0.043347,0.512912
23,0.0,theta,1357,-0.341602,-0.564196,0.450142
23,0.0,theta,1358,1.004964,0.617028,0.506344
23,0.0,theta,1359,0.96905,1.06421,0.520271
23,0.0,theta,1360,-1.185528,-0.93309,0.445063
23,0.0,theta,1361,1.514031,1.387645,0.534032
23,0.0,theta,1362,-1.486593,-1.882315,0.510336
23,0.0,theta,1363,-0.765213,-0.583032,0.493609
23,0.0,theta,1364,-0.493342,-0.347992,0.453187
23,0.0,theta,1365,0.547217,0.214006,0.495611
23,0.0,theta,1366,-2.047697,-0.882792,0.469964
23,0.0,theta,1367,-2.439135,-0.635728,0.462008
23,0.0,theta,1368,-0.421298,-0.597552,0.44546
23,0.0,theta,1369,-0.052239,0.786289,0.516222
23,0.0,theta,1370,-1.081323,-0.036255,0.482279
23,0.0,theta,1371,1.120089,2.121515,0.606003
23,0.0,theta,1372,0.243907,0.080788,0.48423
23,0.0,theta,1373,-0.770066,-0.59568,0.481357
23,0.0,theta,1374,1.345346,1.131675,0.576917
23,0.0,theta,1375,-0.988024,-0.255553,0.488071
23,0.0,theta,1376,-0.584979,-0.428149,0.477897
23,0.0,theta,1377,-0.297105,-0.089566,0.493327
23,0.0,theta,1378,0.529579,0.914856,0.55533
23,0.0,theta,1379,1.173565,0.943137,0.556192
23,0.0,theta,1380,0.946134,0.261139,0.528492
23,0.0,theta,1381,-1.641249,-0.875004,0.461506
23,0.0,theta,1382,-0.645768,-0.298729,0.450482
23,0.0,theta,1383,-0.20035,-0.004474,0.481789
23,0.0,theta,1384,-0.365523,-0.717543,0.429908
23,0.0,theta,1385,-0.289234,0.086231,0.461879
23,0.0,theta,1386,-0.690161,0.148343,0.522102
23,0.0,theta,1387,-0.013005,-0.186097,0.485393
23,0.0,theta,1388,0.493197,0.696162,0.510306
23,0.0,theta,1389,-1.350215,-2.203095,0.506201
23,0.0,theta,1390,-0.190849,-0.054743,0.47609
23,0.0,theta,1391,1.8871,1.942765,0.580992
23,0.0,theta,1392,0.006719,0.59793,0.529995
23,0.0,theta,1393,-0.247532,0.473962,0.527454
23,0.0,theta,1394,0.701027,0.207387,0.525119
23,0.0,theta,1395,-0.482499,-1.02088,0.460002
23,0.0,theta,1396,1.131483,1.842585,0.5605
23,0.0,theta,1397,-1.578966,-1.838035,0.486947
23,0.0,theta,1398,-0.180381,-0.158428,0.472836
23,0.0,theta,1399,0.92882,0.680574,0.515127
23,0.0,theta,1400,-0.93416,-0.556612,0.448152
23,0.0,theta,1401,-1.360787,-0.572226,0.479125
23,0.0,theta,1402,-0.794677,-0.788908,0.466202
23,0.0,theta,1403,0.182732,0.31529,0.515963
23,0.0,theta,1404,-0.362791,-0.649946,0.465539
23,0.0,theta,1405,-0.747645,0.005011,0.499731
23,0.0,theta,1406,0.503337,-0.158931,0.515278
23,0.0,theta,1407,2.032146,1.168195,0.542221
23,0.0,theta,1408,-0.339494,-0.891643,0.414412
23,0.0,theta,1409,-0.626202,-0.674083,0.454632
23,0.0,theta,1410,0.341158,0.066,0.432533
23,0.0,theta,1411,-3.963862,-1.44407,0.492589
23,0.0,theta,1412,0.283903,0.631302,0.518657
23,0.0,theta,1413,0.821869,0.719653,0.517308
23,0.0,theta,1414,0.758059,0.217648,0.496684
23,0.0,theta,1415,-1.103365,-1.513435,0.447816
23,0.0,theta,1416,-0.328967,-1.112545,0.461971
23,0.0,theta,1417,0.10136,-0.530032,0.440617
23,0.0,theta,1418,-0.735063,-0.538814,0.438584
23,0.0,theta,1419,-0.875688,-1.04579,0.446989
23,0.0,theta,1420,0.253897,-0.32315,0.458833
23,0.0,theta,1421,-0.618795,-0.463988,0.446213
23,0.0,theta,1422,-0.572222,-1.370525,0.477932
23,0.0,theta,1423,0.249836,0.315287,0.479244
23,0.0,theta,1424,-1.282536,-1.339375,0.487885
23,0.0,theta,1425,0.903215,0.639561,0.51963
23,0.0,theta,1426,0.47204,-0.141362,0.473907
23,0.0,theta,1427,-0.585091,-0.962328,0.41614
23,0.0,theta,1428,0.718193,0.703539,0.494967
23,0.0,theta,1429,0.509481,0.391358,0.494616
23,0.0,theta,1430,-0.739819,-0.906882,0.439649
23,0.0,theta,1431,0.133159,-0.211836,0.456392
23,0.0,theta,1432,-0.077695,-0.265452,0.488366
23,0.0,theta,1433,0.922954,0.033093,0.487007
23,0.0,theta,1434,0.860381,0.111088,0.508593
23,0.0,theta,1435,0.258368,0.586372,0.511845
23,0.0,theta,1436,0.625156,0.913511,0.485039
23,0.0,theta,1437,-1.686001,-1.23256,0.484975
23,0.0,theta,1438,-1.009815,-1.30402,0.485449
23,0.0,theta,1439,-0.304919,-0.19863,0.497909
23,0.0,theta,1440,0.260593,0.020935,0.476338
23,0.0,theta,1441,0.69737,0.526728,0.497138
23,0.0,theta,1442,0.997102,1.046095,0.537072
23,0.0,theta,1443,-0.740014,-0.534709,0.437833
23,0.0,theta,1444,-0.1609,0.090048,0.477938
23,0.0,theta,1445,0.283005,0.255872,0.492995
23,0.0,theta,1446,-1.025065,-0.668076,0.457186
23,0.0,theta,1447,0.699537,0.575578,0.523738
23,0.0,theta,1448,1.46411,1.21551,0.576576
23,0.0,theta,1449,-0.208773,0.36967,0.542529
23,0.0,theta,1450,0.121075,-0.249528,0.480213
23,0.0,theta,1451,2.274646,1.761695,0.573643
23,0.0,theta,1452,-0.270607,-0.21453,0.457008
23,0.0,theta,1453,-0.230036,-0.598322,0.454962
23,0.0,theta,1454,-0.124893,-0.555556,0.443184
23,0.0,theta,1455,-2.060441,-2.189255,0.520695
23,0.0,theta,1456,1.363254,1.332075,0.557038
23,0.0,theta,1457,2.04593,1.45074,0.59477
23,0.0,theta,1458,0.800624,0.677505,0.526854
23,0.0,theta,1459,1.680313,0.507184,0.45855
23,0.0,theta,1460,-0.6778,-0.623061,0.454003
23,0.0,theta,1461,0.979393,0.923259,0.532797
23,0.0,theta,1462,0.673643,0.471434,0.523487
23,0.0,theta,1463,-0.352056,-0.779443,0.451871
23,0.0,theta,1464,0.892349,0.928907,0.513181
23,0.0,theta,1465,0.175855,0.092346,0.457839
23,0.0,theta,1466,0.243724,-0.287182,0.484146
23,0.0,theta,1467,0.528921,0.278154,0.510749
23,0.0,theta,1468,0.327624,0.6056,0.531712
23,0.0,theta,1469,-0.08381,-0.541692,0.488104
23,0.0,theta,1470,1.300356,0.820688,0.506751
23,0.0,theta,1471,-2.05031,-2.334915,0.495226
23,0.0,theta,1472,0.21923,-0.3974,0.486412
23,0.0,theta,1473,-0.259374,0.281432,0.494735
23,0.0,theta,1474,1.278365,1.00376,0.566253
23,0.0,theta,1475,-0.057975,0.346388,0.46942
23,0.0,theta,1476,-2.649417,-2.315515,0.518179
23,0.0,theta,1477,-0.176423,-0.532736,0.466854
23,0.0,theta,1478,1.020811,1.754265,0.574584
23,0.0,theta,1479,1.069396,0.585774,0.50913
23,0.0,theta,1480,1.695473,2.02251,0.594498
23,0.0,theta,1481,-0.290633,-0.091336,0.477656
23,0.0,theta,1482,-0.012903,-0.753026,0.482303
23,0.0,theta,1483,0.208154,-0.181285,0.476603
23,0.0,theta,1484,-1.833625,-2.168995,0.511241
23,0.0,theta,1485,0.069478,-0.411002,0.465191
23,0.0,theta,1486,1.061302,1.02191,0.532426
23,0.0,theta,1487,-0.3325,-0.702649,0.43629
23,0.0,theta,1488,0.894817,0.547086,0.534735
23,0.0,theta,1489,-0.453862,-0.08015,0.462493
23,0.0,theta,1490,-0.475172,-0.659118,0.457067
23,0.0,theta,1491,1.098362,0.517453,0.516658
23,0.0,theta,1492,-0.482062,-0.210699,0.48824
23,0.0,theta,1493,-0.717339,-0.801268,0.453979
23,0.0,theta,1494,1.535369,1.119605,0.566428
23,0.0,theta,1495,0.304765,0.115727,0.510442
23,0.0,theta,1496,0.347127,0.151924,0.491569
23,0.0,theta,1497,1.641315,1.00479,0.516115
23,0.0,theta,1498,-1.787803,-1.36639,0.490835
23,0.0,theta,1499,2.123009,1.57387,0.551982
23,0.0,theta,1500,1.279375,1.40577,0.559352
23,0.0,beta,1,-1.872214,-1.764575,0.22046
23,0.0,beta,2,-1.859928,-2.167085,0.232612
23,0.0,beta,3,-1.83805,-2.18787,0.227569
23,0.0,beta,4,-1.562529,-1.871745,0.21707
23,0.0,beta,5,-1.553881,-1.986245,0.212841
23,0.0,beta,6,-1.548193,-1.93184,0.217826
23,0.0,beta,7,-1.52648,-1.66267,0.207811
23,0.0,beta,8,-1.505006,-1.74402,0.187903
23,0.0,beta,9,-1.4898,-2.020745,0.214246
23,0.0,beta,10,-1.393686,-1.544245,0.177696
23,0.0,beta,11,-1.368873,-1.500315,0.200502
23,0.0,beta,12,-1.259741,-1.73897,0.19271
23,0.0,beta,13,-1.220337,-1.859445,0.222716
23,0.0,beta,14,-1.208438,-1.26,0.167272
23,0.0,beta,15,-1.166284,-1.403855,0.190532
23,0.0,beta,16,-1.149247,-1.6125,0.203671
23,0.0,beta,17,-1.135075,-1.337935,0.202361
23,0.0,beta,18,-1.117165,-1.25243,0.194348
23,0.0,beta,19,-1.073802,-1.440695,0.199811
23,0.0,beta,20,-1.042581,-1.355625,0.169786
23,0.0,beta,21,-1.022378,-1.590115,0.196467
23,0.0,beta,22,-1.015617,-1.43737,0.188335
23,0.0,beta,23,-1.013966,-1.50644,0.188757
23,0.0,beta,24,-0.96424,-1.337505,0.193696
23,0.0,beta,25,-0.928886,-1.03961,0.173022
23,0.0,beta,26,-0.89055,-1.58341,0.190766
23,0.0,beta,27,-0.880016,-1.3311,0.176815
23,0.0,beta,28,-0.878109,-1.751395,0.216753
23,0.0,beta,29,-0.861118,-1.0487,0.164825
23,0.0,beta,30,-0.787947,-1.13918,0.202869
23,0.0,beta,31,-0.780131,-1.371985,0.200917
23,0.0,beta,32,-0.772736,-1.30795,0.183569
23,0.0,beta,33,-0.74835,-1.02133,0.182479
23,0.0,beta,34,-0.713611,-1.16713,0.189192
23,0.0,beta,35,-0.671068,-1.11617,0.171258
23,0.0,beta,36,-0.663356,-1.070355,0.180883
23,0.0,beta,37,-0.658493,-1.17304,0.160659
23,0.0,beta,38,-0.65633,-1.443655,0.193577
23,0.0,beta,39,-0.587338,-0.98286,0.160609
23,0.0,beta,40,-0.580675,-0.846057,0.171985
23,0.0,beta,41,-0.572277,-1.153705,0.160205
23,0.0,beta,42,-0.549767,-1.012145,0.169135
23,0.0,beta,43,-0.549612,-1.06824,0.165683
23,0.0,beta,44,-0.529684,-1.27662,0.170943
23,0.0,beta,45,-0.518415,-1.158795,0.183596
23,0.0,beta,46,-0.501442,-0.876047,0.190443
23,0.0,beta,47,-0.501429,-1.07465,0.195831
23,0.0,beta,48,-0.497251,-1.12858,0.181842
23,0.0,beta,49,-0.457552,-1.375915,0.181901
23,0.0,beta,50,-0.425331,-0.7947,0.166498
23,0.0,beta,51,-0.385308,-0.902604,0.170294
23,0.0,beta,52,-0.356405,-0.878783,0.154575
23,0.0,beta,53,-0.355496,-0.820148,0.157233
23,0.0,beta,54,-0.333607,-0.877454,0.15911
23,0.0,beta,55,-0.302633,-1.06025,0.196057
23,0.0,beta,56,-0.287038,-1.06544,0.156213
23,0.0,beta,57,-0.283479,-0.994456,0.179748
23,0.0,beta,58,-0.26118,-0.58817,0.151594
23,0.0,beta,59,-0.258938,-0.736896,0.16055
23,0.0,beta,60,-0.254047,-0.876878,0.208772
23,0.0,beta,61,-0.234845,-1.14721,0.190333
23,0.0,beta,62,-0.225052,-0.63553,0.154713
23,0.0,beta,63,-0.214757,-1.04242,0.166043
23,0.0,beta,64,-0.212701,-0.44488,0.154886
23,0.0,beta,65,-0.208436,-1.135345,0.204202
23,0.0,beta,66,-0.199664,-0.697464,0.149021
23,0.0,beta,67,-0.173477,-0.582065,0.17187
23,0.0,beta,68,-0.166573,-1.02334,0.192781
23,0.0,beta,69,-0.143474,-0.588956,0.158131
23,0.0,beta,70,-0.128811,-0.710816,0.162117
23,0.0,beta,71,-0.126502,-0.990782,0.190012
23,0.0,beta,72,-0.109546,-0.609696,0.143399
23,0.0,beta,73,-0.09011,-0.767244,0.184274
23,0.0,beta,74,-0.069634,-0.452409,0.15245
23,0.0,beta,75,-0.062695,-0.73214,0.150789
23,0.0,beta,76,-0.061496,-0.826251,0.170018
23,0.0,beta,77,-0.056473,-0.551705,0.158146
23,0.0,beta,78,-0.020113,-0.701084,0.16194
23,0.0,beta,79,-0.002142,-0.901288,0.171442
23,0.0,beta,80,0.050135,-0.866477,0.194326
23,0.0,beta,81,0.074489,-0.314282,0.146821
23,0.0,beta,82,0.112377,-0.468272,0.161318
23,0.0,beta,83,0.115293,-0.855171,0.171508
23,0.0,beta,84,0.132256,-0.530316,0.153943
23,0.0,beta,85,0.186963,-0.318548,0.136393
23,0.0,beta,86,0.193027,-0.50082,0.15529
23,0.0,beta,87,0.334716,-0.41868,0.15501
23,0.0,beta,88,0.409741,-0.219986,0.147368
23,0.0,beta,89,0.410888,-0.741006,0.171552
23,0.0,beta,90,0.412883,-0.189564,0.146834
23,0.0,beta,91,0.434151,-0.371164,0.155647
23,0.0,beta,92,0.449334,-0.525468,0.183731
23,0.0,beta,93,0.460855,-0.270747,0.144999
23,0.0,beta,94,0.485082,-0.351887,0.150025
23,0.0,beta,95,0.487374,-0.524302,0.151273
23,0.0,beta,96,0.570937,-0.324415,0.145056
23,0.0,beta,97,0.615765,-0.230038,0.150301
23,0.0,beta,98,0.621299,-0.310039,0.158663
23,0.0,beta,99,0.628461,-0.206009,0.148842
23,0.0,beta,100,0.631984,-0.288486,0.14101
23,0.0,beta,101,0.666804,-0.324176,0.140267
23,0.0,beta,102,0.687088,0.012139,0.145015
23,0.0,beta,103,0.740495,-0.112578,0.164743
23,0.0,beta,104,0.744856,-0.210639,0.156865
23,0.0,beta,105,0.760906,-0.10022,0.145904
23,0.0,beta,106,0.76236,-0.171303,0.139909
23,0.0,beta,107,0.802052,-0.253269,0.161712
23,0.0,beta,108,0.805184,-0.201041,0.151566
23,0.0,beta,109,0.814335,0.228454,0.145657
23,0.0,beta,110,0.843496,-0.000134,0.15814
23,0.0,beta,111,0.87108,0.029678,0.147562
23,0.0,beta,112,0.884755,-0.224703,0.146452
23,0.0,beta,113,0.917303,-0.21908,0.145289
23,0.0,beta,114,0.964925,0.109285,0.161527
23,0.0,beta,115,1.016995,0.213978,0.149389
23,0.0,beta,116,1.024499,0.12851,0.143082
23,0.0,beta,117,1.090939,-0.048311,0.146966
23,0.0,beta,118,1.118573,0.041662,0.139523
23,0.0,beta,119,1.123984,0.052502,0.145351
23,0.0,beta,120,1.212238,-0.048305,0.143696
23,0.0,beta,121,1.299428,0.301272,0.136906
23,0.0,beta,122,1.401755,0.321216,0.146005
23,0.0,beta,123,1.66222,0.297754,0.145336
23,0.0,beta,124,1.672906,0.396475,0.137537
23,0.0,beta,125,1.825544,0.301528,0.150093
23,0.0,beta,126,2.575553,0.814678,0.151552
23,0.0,beta,127,2.831846,0.22262,0.14855
23,0.0,beta,128,3.148176,1.120455,0.169304
23,0.0,alpha,1,1.768037,1.02809,0.243805
23,0.0,alpha,2,0.901819,0.907927,0.246374
23,0.0,alpha,3,0.809881,0.93969,0.236598
23,0.0,alpha,4,0.710207,0.99901,0.228131
23,0.0,alpha,5,0.502325,0.74516,0.198495
23,0.0,alpha,6,0.819037,0.938992,0.247337
23,0.0,alpha,7,1.621853,1.066265,0.241602
23,0.0,alpha,8,0.705357,0.641536,0.174839
23,0.0,alpha,9,0.381674,0.743366,0.192857
23,0.0,alpha,10,0.805056,0.635048,0.173024
23,0.0,alpha,11,1.566276,1.16918,0.271049
23,0.0,alpha,12,0.465535,0.620141,0.175159
23,0.0,alpha,13,1.050524,1.07685,0.261594
23,0.0,alpha,14,0.882564,0.479575,0.126474
23,0.0,alpha,15,1.81373,0.900648,0.224919
23,0.0,alpha,16,0.947366,0.696304,0.191742
23,0.0,alpha,17,1.370423,1.161435,0.265624
23,0.0,alpha,18,1.949386,1.305225,0.26243
23,0.0,alpha,19,0.859346,0.835192,0.211901
23,0.0,alpha,20,0.487207,0.44047,0.126983
23,0.0,alpha,21,0.700521,0.798024,0.211646
23,0.0,alpha,22,0.526253,0.593382,0.1685
23,0.0,alpha,23,1.173285,0.88904,0.221816
23,0.0,alpha,24,1.513801,1.121695,0.241123
23,0.0,alpha,25,1.055579,0.793053,0.191606
23,0.0,alpha,26,0.88577,0.919892,0.220382
23,0.0,alpha,27,0.359587,0.585275,0.1545
23,0.0,alpha,28,1.40148,1.199645,0.258991
23,0.0,alpha,29,1.604324,0.744724,0.179994
23,0.0,alpha,30,1.981928,1.298985,0.291116
23,0.0,alpha,31,0.955094,0.71973,0.197185
23,0.0,alpha,32,0.485132,0.639008,0.170347
23,0.0,alpha,33,1.397108,0.858196,0.210454
23,0.0,alpha,34,1.281313,1.198285,0.269023
23,0.0,alpha,35,1.282635,0.67934,0.173458
23,0.0,alpha,36,1.225233,0.832973,0.208212
23,0.0,alpha,37,0.612647,0.617738,0.160761
23,0.0,alpha,38,1.142915,0.824688,0.205332
23,0.0,alpha,39,1.094304,0.844132,0.191094
23,0.0,alpha,40,1.541153,0.905083,0.211672
23,0.0,alpha,41,0.951803,0.637279,0.158786
23,0.0,alpha,42,0.972503,0.566776,0.15158
23,0.0,alpha,43,0.74367,0.730932,0.18414
23,0.0,alpha,44,0.532541,0.593474,0.158634
23,0.0,alpha,45,1.709261,1.07755,0.240777
23,0.0,alpha,46,3.222237,1.39358,0.29385
23,0.0,alpha,47,1.783689,1.244495,0.292488
23,0.0,alpha,48,1.091155,1.02784,0.230259
23,0.0,alpha,49,1.028417,0.832639,0.208367
23,0.0,alpha,50,1.671998,0.808663,0.192009
23,0.0,alpha,51,0.97717,0.658206,0.179558
23,0.0,alpha,52,0.653635,0.468522,0.123921
23,0.0,alpha,53,1.146423,0.864612,0.190592
23,0.0,alpha,54,1.057262,0.629386,0.165886
23,0.0,alpha,55,2.274749,1.082845,0.268786
23,0.0,alpha,56,0.613834,0.502793,0.148989
23,0.0,alpha,57,1.696346,1.105075,0.23528
23,0.0,alpha,58,0.727913,0.674701,0.171968
23,0.0,alpha,59,1.042946,0.788361,0.174935
23,0.0,alpha,60,2.283237,1.752875,0.359531
23,0.0,alpha,61,1.604602,1.10846,0.235488
23,0.0,alpha,62,0.541797,0.604472,0.163985
23,0.0,alpha,63,1.240453,0.962025,0.236027
23,0.0,alpha,64,1.130759,0.653118,0.179516
23,0.0,alpha,65,2.829312,1.34302,0.276047
23,0.0,alpha,66,0.889364,0.856584,0.206945
23,0.0,alpha,67,3.319556,1.119895,0.255605
23,0.0,alpha,68,1.236144,1.445965,0.296208
23,0.0,alpha,69,0.681241,0.621949,0.173031
23,0.0,alpha,70,2.119208,0.894649,0.211149
23,0.0,alpha,71,1.244406,1.085615,0.244509
23,0.0,alpha,72,0.322654,0.341498,0.096088
23,0.0,alpha,73,1.766106,1.367235,0.275947
23,0.0,alpha,74,0.823381,0.490163,0.130794
23,0.0,alpha,75,0.754121,0.354458,0.107136
23,0.0,alpha,76,1.63385,1.10467,0.228311
23,0.0,alpha,77,1.065236,0.956732,0.217477
23,0.0,alpha,78,0.770644,0.73059,0.183129
23,0.0,alpha,79,2.252562,1.14354,0.239329
23,0.0,alpha,80,1.748799,1.49395,0.342194
23,0.0,alpha,81,1.104369,0.662772,0.176581
23,0.0,alpha,82,0.788315,0.814085,0.199568
23,0.0,alpha,83,0.961835,0.851624,0.205322
23,0.0,alpha,84,0.519909,0.580918,0.156419
23,0.0,alpha,85,0.561436,0.352292,0.104778
23,0.0,alpha,86,1.401593,1.03107,0.226215
23,0.0,alpha,87,0.799208,0.832263,0.188322
23,0.0,alpha,88,1.080845,0.874275,0.197418
23,0.0,alpha,89,1.932766,1.169655,0.23616
23,0.0,alpha,90,1.17976,0.512086,0.142522
23,0.0,alpha,91,2.154952,0.786104,0.196171
23,0.0,alpha,92,2.600373,1.68313,0.353038
23,0.0,alpha,93,0.67197,0.41488,0.109263
23,0.0,alpha,94,1.312778,0.869926,0.198643
23,0.0,alpha,95,0.781472,0.521823,0.139918
23,0.0,alpha,96,0.951435,0.403966,0.117189
23,0.0,alpha,97,0.714285,0.588766,0.153522
23,0.0,alpha,98,1.799753,0.960138,0.211715
23,0.0,alpha,99,1.474502,0.633265,0.15585
23,0.0,alpha,100,0.425201,0.570532,0.146082
23,0.0,alpha,101,0.58416,0.705356,0.170449
23,0.0,alpha,102,0.80383,0.470466,0.134073
23,0.0,alpha,103,1.802922,0.84343,0.214957
23,0.0,alpha,104,1.183513,0.83456,0.195843
23,0.0,alpha,105,0.564988,0.54983,0.150063
23,0.0,alpha,106,1.108911,0.501558,0.138051
23,0.0,alpha,107,2.982893,1.3864,0.259348
23,0.0,alpha,108,0.575276,0.467099,0.141274
23,0.0,alpha,109,0.453253,0.379408,0.117559
23,0.0,alpha,110,1.97219,0.899948,0.220811
23,0.0,alpha,111,0.710516,0.526529,0.135432
23,0.0,alpha,112,1.126574,0.601042,0.157607
23,0.0,alpha,113,1.473727,0.649982,0.155883
23,0.0,alpha,114,1.132518,0.719002,0.184778
23,0.0,alpha,115,0.881333,0.494296,0.137927
23,0.0,alpha,116,0.367831,0.360989,0.100292
23,0.0,alpha,117,1.290301,0.557984,0.155637
23,0.0,alpha,118,0.720541,0.48748,0.14032
23,0.0,alpha,119,0.84474,0.772508,0.182252
23,0.0,alpha,120,2.579367,0.776612,0.171681
23,0.0,alpha,121,0.753914,0.580302,0.139951
23,0.0,alpha,122,0.943051,0.648494,0.163583
23,0.0,alpha,123,1.613658,0.620044,0.156453
23,0.0,alpha,124,0.472957,0.254626,0.083879
23,0.0,alpha,125,1.845962,0.526776,0.156169
23,0.0,alpha,126,0.99257,0.382814,0.118598
23,0.0,alpha,127,2.433543,0.548376,0.146129
23,0.0,alpha,128,1.19457,0.360935,0.132955
23,0.15,theta,1,1.762134,1.26882,0.550611
23,0.15,theta,2,1.688882,1.2237,0.526369
23,0.15,theta,3,0.564616,0.038742,0.517543
23,0.15,theta,4,1.386785,0.976347,0.556923
23,0.15,theta,5,-1.44852,-1.059605,0.480246
23,0.15,theta,6,0.181435,0.064416,0.525315
23,0.15,theta,7,-0.388135,-0.169492,0.491824
23,0.15,theta,8,-0.771455,-0.650464,0.52363
23,0.15,theta,9,-0.470389,-0.895583,0.423452
23,0.15,theta,10,0.54081,0.350896,0.509695
23,0.15,theta,11,-1.272466,-1.015745,0.444428
23,0.15,theta,12,1.102635,0.883546,0.510283
23,0.15,theta,13,0.121125,-0.188718,0.475035
23,0.15,theta,14,3.548101,2.212205,0.602744
23,0.15,theta,15,0.811534,0.323592,0.488719
23,0.15,theta,16,0.849808,0.931163,0.544587
23,0.15,theta,17,0.17562,-0.407546,0.445847
23,0.15,theta,18,1.261534,1.416595,0.588702
23,0.15,theta,19,-0.026541,0.379475,0.535531
23,0.15,theta,20,0.917411,0.11567,0.475276
23,0.15,theta,21,-0.253998,-0.092302,0.512162
23,0.15,theta,22,1.001558,0.854597,0.521504
23,0.15,theta,23,-0.382293,-0.445748,0.519898
23,0.15,theta,24,-1.994411,-1.268835,0.457964
23,0.15,theta,25,0.845952,0.777966,0.523812
23,0.15,theta,26,0.698254,0.075916,0.474119
23,0.15,theta,27,0.366723,0.81495,0.519092
23,0.15,theta,28,0.736388,0.204035,0.489141
23,0.15,theta,29,-0.086405,-0.546587,0.494502
23,0.15,theta,30,-0.420905,-0.037022,0.499544
23,0.15,theta,31,-0.305398,-0.385088,0.482756
23,0.15,theta,32,1.914895,0.911542,0.570285
23,0.15,theta,33,-0.235968,-0.589212,0.485666
23,0.15,theta,34,1.110381,0.827597,0.545626
23,0.15,theta,35,0.443467,0.595166,0.468099
23,0.15,theta,36,0.098765,-0.311789,0.463592
23,0.15,theta,37,-0.45846,-0.565152,0.446472
23,0.15,theta,38,0.558252,0.307641,0.512159
23,0.15,theta,39,1.140188,0.709185,0.52437
23,0.15,theta,40,1.107586,0.476314,0.46876
23,0.15,theta,41,-1.350651,-1.16378,0.467463
23,0.15,theta,42,-0.802526,-0.392922,0.455897
23,0.15,theta,43,-0.352616,0.393866,0.490553
23,0.15,theta,44,-0.805489,-0.79245,0.427344
23,0.15,theta,45,0.315944,0.519216,0.501594
23,0.15,theta,46,-0.108516,-0.478314,0.471998
23,0.15,theta,47,0.126644,0.555618,0.496947
23,0.15,theta,48,1.209753,0.761296,0.53744
23,0.15,theta,49,1.727281,1.6224,0.56926
23,0.15,theta,50,0.088926,0.12169,0.509502
23,0.15,theta,51,-0.429532,-0.277628,0.503082
23,0.15,theta,52,0.743366,0.112319,0.473713
23,0.15,theta,53,0.092432,0.507004,0.487863
23,0.15,theta,54,0.995449,1.4818,0.571982
23,0.15,theta,55,0.990011,0.789636,0.531306
23,0.15,theta,56,-0.227928,-0.299534,0.429461
23,0.15,theta,57,1.506373,1.41758,0.560155
23,0.15,theta,58,1.154901,-0.252504,0.497784
23,0.15,theta,59,-2.050188,-1.475435,0.464612
23,0.15,theta,60,-2.151562,-1.39349,0.460456
23,0.15,theta,61,-0.145301,-0.241401,0.452209
23,0.15,theta,62,0.891885,1.24324,0.527583
23,0.15,theta,63,-1.044156,-1.39534,0.448932
23,0.15,theta,64,-0.052862,-0.419107,0.46227
23,0.15,theta,65,0.511166,0.233374,0.45237
23,0.15,theta,66,-2.005337,-1.45355,0.485893
23,0.15,theta,67,-1.998123,-1.33282,0.486156
23,0.15,theta,68,-0.45341,-0.56652,0.460085
23,0.15,theta,69,0.324075,-0.026323,0.483479
23,0.15,theta,70,0.599857,-0.031548,0.481469
23,0.15,theta,71,-1.083973,-1.36479,0.429243
23,0.15,theta,72,1.172858,1.095325,0.556373
23,0.15,theta,73,-0.980599,-1.90226,0.463442
23,0.15,theta,74,-0.597464,-0.497938,0.418084
23,0.15,theta,75,0.464639,0.396461,0.483954
23,0.15,theta,76,0.013172,0.962979,0.555745
23,0.15,theta,77,0.076528,0.403352,0.507252
23,0.15,theta,78,1.073837,0.948112,0.530047
23,0.15,theta,79,-0.49647,-0.509589,0.475976
23,0.15,theta,80,1.439633,1.264975,0.559915
23,0.15,theta,81,0.223881,-0.050164,0.489338
23,0.15,theta,82,-1.528967,-0.679278,0.462036
23,0.15,theta,83,-0.353108,0.698727,0.520215
23,0.15,theta,84,-0.166507,0.087679,0.503975
23,0.15,theta,85,1.043554,0.762355,0.5291
23,0.15,theta,86,2.458458,2.80812,0.6235
23,0.15,theta,87,0.428131,0.161351,0.503777
23,0.15,theta,88,0.991693,0.479832,0.509967
23,0.15,theta,89,-0.69408,-0.622246,0.478571
23,0.15,theta,90,-1.313492,-1.439335,0.524129
23,0.15,theta,91,-0.791315,-1.210635,0.477384
23,0.15,theta,92,-1.048351,-0.05154,0.504266
23,0.15,theta,93,-0.484341,-0.314064,0.455273
23,0.15,theta,94,0.352733,-0.406055,0.457247
23,0.15,theta,95,-0.107587,-0.63095,0.460739
23,0.15,theta,96,-0.464786,0.072576,0.526742
23,0.15,theta,97,-0.443303,-0.342026,0.460526
23,0.15,theta,98,-1.306274,-0.940038,0.435034
23,0.15,theta,99,-0.695212,-1.13411,0.445137
23,0.15,theta,100,0.119662,-0.532185,0.479424
23,0.15,theta,101,1.462496,0.751964,0.527289
23,0.15,theta,102,-0.458172,-0.704351,0.443281
23,0.15,theta,103,1.000714,0.424726,0.534264
23,0.15,theta,104,0.032754,-0.486148,0.447012
23,0.15,theta,105,2.132433,1.08088,0.539919
23,0.15,theta,106,-0.767482,-0.611927,0.480409
23,0.15,theta,107,-0.632499,-0.212792,0.471113
23,0.15,theta,108,-0.933978,-0.870956,0.456624
23,0.15,theta,109,-0.968589,-0.219517,0.451009
23,0.15,theta,110,-0.456239,-1.157,0.451364
23,0.15,theta,111,1.296668,1.075405,0.551771
23,0.15,theta,112,0.854777,0.902436,0.506468
23,0.15,theta,113,-0.940647,-0.57606,0.434885
23,0.15,theta,114,0.200523,0.755208,0.553475
23,0.15,theta,115,2.060813,1.945405,0.595896
23,0.15,theta,116,-0.150149,0.000138,0.493574
23,0.15,theta,117,1.537929,1.453035,0.559521
23,0.15,theta,118,-0.380676,-0.337742,0.48799
23,0.15,theta,119,-0.521413,-0.516627,0.452555
23,0.15,theta,120,-1.00378,-1.065395,0.451787
23,0.15,theta,121,0.698968,0.789577,0.515612
23,0.15,theta,122,-1.033074,-0.94773,0.467176
23,0.15,theta,123,-1.717731,-1.14787,0.446231
23,0.15,theta,124,0.578327,0.70267,0.517392
23,0.15,theta,125,0.748521,0.79016,0.520588
23,0.15,theta,126,0.817199,0.43835,0.49734
23,0.15,theta,127,-0.927253,-1.50498,0.470844
23,0.15,theta,128,0.74621,0.545934,0.529439
23,0.15,theta,129,0.3419,-0.047297,0.444735
23,0.15,theta,130,0.905041,0.95166,0.534993
23,0.15,theta,131,1.098693,0.4605,0.456262
23,0.15,theta,132,0.744552,1.216705,0.553516
23,0.15,theta,133,2.075684,1.94478,0.580675
23,0.15,theta,134,-0.379833,-0.615418,0.476102
23,0.15,theta,135,0.681811,1.55526,0.581003
23,0.15,theta,136,0.106732,0.291296,0.4767
23,0.15,theta,137,0.12249,-0.034521,0.502192
23,0.15,theta,138,-0.887408,-0.503386,0.441378
23,0.15,theta,139,-2.20343,-1.86066,0.499281
23,0.15,theta,140,-1.439819,-1.19649,0.494145
23,0.15,theta,141,0.775788,1.485205,0.582175
23,0.15,theta,142,-0.537001,-1.415065,0.446479
23,0.15,theta,143,0.472454,0.401343,0.503739
23,0.15,theta,144,2.04231,1.250525,0.530157
23,0.15,theta,145,1.090959,0.893318,0.533956
23,0.15,theta,146,-0.023201,-0.612321,0.42238
23,0.15,theta,147,0.778431,0.611222,0.487624
23,0.15,theta,148,-0.242517,-0.372534,0.492644
23,0.15,theta,149,-0.692304,-0.743206,0.460607
23,0.15,theta,150,-0.883098,-0.202482,0.450054
23,0.15,theta,151,-0.188849,0.440899,0.504915
23,0.15,theta,152,-0.479774,-0.256823,0.459965
23,0.15,theta,153,0.787012,-0.027913,0.510278
23,0.15,theta,154,1.073427,0.537923,0.508007
23,0.15,theta,155,-1.245468,-1.174575,0.47118
23,0.15,theta,156,-0.375432,-0.533532,0.506267
23,0.15,theta,157,0.529422,0.064336,0.480274
23,0.15,theta,158,0.759328,0.271188,0.495042
23,0.15,theta,159,-0.201741,-0.156411,0.477618
23,0.15,theta,160,-0.175719,-0.686745,0.460314
23,0.15,theta,161,1.71932,1.00928,0.543247
23,0.15,theta,162,-1.307493,-1.00803,0.466196
23,0.15,theta,163,0.237048,-0.590629,0.488473
23,0.15,theta,164,1.645734,0.820305,0.499054
23,0.15,theta,165,0.133975,0.77074,0.535084
23,0.15,theta,166,-0.661097,0.653495,0.509834
23,0.15,theta,167,1.776719,1.371445,0.557703
23,0.15,theta,168,-1.161307,-0.680835,0.464918
23,0.15,theta,169,0.456862,0.693358,0.525567
23,0.15,theta,170,1.173997,1.00938,0.526146
23,0.15,theta,171,-0.481649,-0.461869,0.485127
23,0.15,theta,172,-0.964606,-1.6213,0.441497
23,0.15,theta,173,0.122719,0.103988,0.528555
23,0.15,theta,174,0.82765,0.428784,0.485404
23,0.15,theta,175,-1.34818,-0.506102,0.450289
23,0.15,theta,176,-0.42204,-0.24188,0.5037
23,0.15,theta,177,-1.359646,-0.425198,0.492857
23,0.15,theta,178,0.716728,0.47497,0.492902
23,0.15,theta,179,1.240788,1.662435,0.583306
23,0.15,theta,180,-1.61641,-0.831341,0.451003
23,0.15,theta,181,1.560499,0.614665,0.499818
23,0.15,theta,182,0.337511,0.376494,0.470865
23,0.15,theta,183,-0.310401,0.880932,0.51288
23,0.15,theta,184,1.856123,1.06779,0.555916
23,0.15,theta,185,0.833726,0.511984,0.483246
23,0.15,theta,186,0.33196,0.470694,0.497771
23,0.15,theta,187,-0.248072,0.400471,0.542358
23,0.15,theta,188,-0.999738,-0.487702,0.452725
23,0.15,theta,189,1.409546,1.39708,0.558998
23,0.15,theta,190,-0.968538,-0.532164,0.48837
23,0.15,theta,191,0.03492,-0.078047,0.473173
23,0.15,theta,192,-1.748696,-1.13523,0.461146
23,0.15,theta,193,0.176693,0.606477,0.506296
23,0.15,theta,194,-1.407756,-0.534226,0.478946
23,0.15,theta,195,0.351064,0.788263,0.539924
23,0.15,theta,196,0.868941,0.939474,0.485963
23,0.15,theta,197,-0.089048,-1.065365,0.475725
23,0.15,theta,198,0.581149,1.20468,0.549167
23,0.15,theta,199,-1.20212,-1.017415,0.456448
23,0.15,theta,200,-1.163738,-0.95582,0.46615
23,0.15,theta,201,0.064308,0.1839,0.505028
23,0.15,theta,202,0.476928,0.343677,0.480473
23,0.15,theta,203,-0.838162,-0.90969,0.499108
23,0.15,theta,204,-0.792907,-1.00673,0.463668
23,0.15,theta,205,0.553785,-0.168391,0.475722
23,0.15,theta,206,-1.848835,-1.15537,0.455107
23,0.15,theta,207,0.762927,0.788434,0.515538
23,0.15,theta,208,-0.399361,-0.173768,0.478736
23,0.15,theta,209,-1.211825,-0.73751,0.453915
23,0.15,theta,210,-1.8985,-0.981386,0.49727
23,0.15,theta,211,0.170798,-0.004493,0.512295
23,0.15,theta,212,-0.438448,-1.180715,0.485779
23,0.15,theta,213,-0.486683,-0.706451,0.478261
23,0.15,theta,214,1.11598,0.534958,0.512875
23,0.15,theta,215,-0.686928,-0.699819,0.491311
23,0.15,theta,216,-0.251132,-0.474394,0.450998
23,0.15,theta,217,0.153131,0.192394,0.517234
23,0.15,theta,218,-0.163555,0.166678,0.494137
23,0.15,theta,219,-0.592572,-0.03881,0.484456
23,0.15,theta,220,-0.554214,-0.108082,0.45147
23,0.15,theta,221,1.797101,1.651665,0.558206
23,0.15,theta,222,0.200078,0.39549,0.525962
23,0.15,theta,223,0.607678,1.14763,0.562636
23,0.15,theta,224,-0.503361,-0.760418,0.470765
23,0.15,theta,225,0.483144,0.974422,0.533678
23,0.15,theta,226,-1.003471,-1.426085,0.484517
23,0.15,theta,227,-0.103362,0.149196,0.519552
23,0.15,theta,228,0.69943,0.715442,0.504079
23,0.15,theta,229,-1.042626,-0.982041,0.485454
23,0.15,theta,230,0.790919,0.214778,0.459035
23,0.15,theta,231,1.015168,1.43649,0.560912
23,0.15,theta,232,-0.435427,-0.775478,0.438114
23,0.15,theta,233,0.640087,0.568358,0.483831
23,0.15,theta,234,0.433049,-0.07408,0.489963
23,0.15,theta,235,1.327224,1.141375,0.53074
23,0.15,theta,236,0.023222,0.120507,0.491643
23,0.15,theta,237,-2.089956,-1.191935,0.473764
23,0.15,theta,238,-0.642379,-0.153247,0.460246
23,0.15,theta,239,0.616694,0.315837,0.51806
23,0.15,theta,240,-0.609464,-0.588154,0.469192
23,0.15,theta,241,0.804722,0.073622,0.480062
23,0.15,theta,242,-1.472188,-1.023755,0.483155
23,0.15,theta,243,1.18638,1.578515,0.569105
23,0.15,theta,244,-1.218995,-1.05573,0.465686
23,0.15,theta,245,-0.380742,-0.448132,0.467745
23,0.15,theta,246,1.195341,0.946649,0.552362
23,0.15,theta,247,-0.141714,-1.35691,0.480246
23,0.15,theta,248,0.054354,0.013943,0.507109
23,0.15,theta,249,0.268318,0.36007,0.51173
23,0.15,theta,250,0.00238,-0.451926,0.511533
23,0.15,theta,251,0.623342,-0.172171,0.514452
23,0.15,theta,252,-0.047539,-0.506064,0.482145
23,0.15,theta,253,1.085076,0.37371,0.490403
23,0.15,theta,254,0.462507,0.303675,0.500669
23,0.15,theta,255,0.288733,-0.109992,0.467217
23,0.15,theta,256,-0.919156,-0.356068,0.464186
23,0.15,theta,257,0.634645,-0.578359,0.43243
23,0.15,theta,258,-0.507532,-0.790358,0.435986
23,0.15,theta,259,-0.235933,0.046059,0.475053
23,0.15,theta,260,-0.242073,0.697962,0.515344
23,0.15,theta,261,-0.989827,-0.78795,0.428303
23,0.15,theta,262,-1.95523,-1.401515,0.50707
23,0.15,theta,263,-0.061479,-0.107595,0.457254
23,0.15,theta,264,-1.089277,-1.26012,0.513275
23,0.15,theta,265,1.75094,1.18583,0.531497
23,0.15,theta,266,1.69819,1.06475,0.539977
23,0.15,theta,267,-0.048721,0.198022,0.483627
23,0.15,theta,268,-0.465866,-0.349113,0.477558
23,0.15,theta,269,-1.585478,-1.53427,0.477486
23,0.15,theta,270,-2.061948,-1.080545,0.431578
23,0.15,theta,271,-0.396836,-0.200166,0.477026
23,0.15,theta,272,0.652955,0.247466,0.513047
23,0.15,theta,273,-1.1127,-0.645441,0.488877
23,0.15,theta,274,1.190615,0.708094,0.53185
23,0.15,theta,275,0.678185,0.590504,0.513535
23,0.15,theta,276,0.070657,-0.994898,0.455255
23,0.15,theta,277,0.593168,0.781622,0.525864
23,0.15,theta,278,-0.429399,0.130638,0.528422
23,0.15,theta,279,-0.805234,-0.677829,0.48391
23,0.15,theta,280,-1.681947,-1.525705,0.489185
23,0.15,theta,281,-0.117291,-0.196524,0.508626
23,0.15,theta,282,0.757667,1.008255,0.528651
23,0.15,theta,283,-2.272911,-0.843616,0.462299
23,0.15,theta,284,-0.171203,-0.47239,0.443028
23,0.15,theta,285,-0.695511,-0.900807,0.438008
23,0.15,theta,286,0.557867,0.156384,0.469409
23,0.15,theta,287,-0.092726,-0.4523,0.471871
23,0.15,theta,288,0.349102,0.30408,0.523529
23,0.15,theta,289,0.482825,0.635308,0.52473
23,0.15,theta,290,1.313878,1.30464,0.555113
23,0.15,theta,291,-0.855804,0.349279,0.48506
23,0.15,theta,292,0.232872,-0.016418,0.508567
23,0.15,theta,293,-0.248962,-0.774134,0.459794
23,0.15,theta,294,1.188029,1.564735,0.55963
23,0.15,theta,295,0.755881,1.16405,0.548081
23,0.15,theta,296,0.105917,-0.334728,0.446464
23,0.15,theta,297,1.360283,1.226665,0.516823
23,0.15,theta,298,0.47015,-0.614105,0.490516
23,0.15,theta,299,2.875412,1.408335,0.560657
23,0.15,theta,300,1.442648,0.920666,0.528077
23,0.15,theta,301,-0.300623,-0.045891,0.467401
23,0.15,theta,302,-0.719251,-0.994329,0.468955
23,0.15,theta,303,0.972935,1.57206,0.571639
23,0.15,theta,304,-0.126281,0.157468,0.500826
23,0.15,theta,305,0.186046,0.542614,0.496796
23,0.15,theta,306,0.818021,0.190127,0.47859
23,0.15,theta,307,-0.797433,-0.723657,0.474614
23,0.15,theta,308,-1.932353,-0.960495,0.471559
23,0.15,theta,309,-0.566803,0.398034,0.530366
23,0.15,theta,310,-1.087485,-0.640812,0.476846
23,0.15,theta,311,-0.273021,-1.053555,0.445961
23,0.15,theta,312,-0.262287,-0.952034,0.455914
23,0.15,theta,313,-0.088487,0.415424,0.498889
23,0.15,theta,314,-0.560421,-0.508298,0.459246
23,0.15,theta,315,-0.678908,-0.443357,0.444342
23,0.15,theta,316,0.609646,0.050503,0.47798
23,0.15,theta,317,-0.638754,-0.674336,0.433689
23,0.15,theta,318,-0.157102,-0.015421,0.483085
23,0.15,theta,319,-0.214353,-0.105773,0.499427
23,0.15,theta,320,-0.809163,-1.68634,0.45878
23,0.15,theta,321,-0.675158,-0.594573,0.471432
23,0.15,theta,322,-3.5482,-1.567905,0.440934
23,0.15,theta,323,0.276288,-0.584255,0.499901
23,0.15,theta,324,-2.88102,-2.00983,0.500261
23,0.15,theta,325,0.291617,-0.164874,0.442693
23,0.15,theta,326,-0.241458,-0.17763,0.489315
23,0.15,theta,327,-0.957163,-1.13565,0.465786
23,0.15,theta,328,-0.356443,-0.367023,0.468423
23,0.15,theta,329,1.06219,0.553412,0.524058
23,0.15,theta,330,1.585966,0.904904,0.518765
23,0.15,theta,331,2.479508,1.127005,0.539254
23,0.15,theta,332,-1.552195,-1.165715,0.457987
23,0.15,theta,333,0.699715,0.584842,0.460947
23,0.15,theta,334,1.169742,1.44526,0.564317
23,0.15,theta,335,-1.180739,-0.376238,0.445912
23,0.15,theta,336,2.603494,2.24887,0.610753
23,0.15,theta,337,-0.428393,-0.016755,0.437232
23,0.15,theta,338,0.608301,0.003795,0.487172
23,0.15,theta,339,-0.122337,-0.510358,0.477805
23,0.15,theta,340,-0.944383,-1.194535,0.414885
23,0.15,theta,341,0.314878,0.18483,0.508228
23,0.15,theta,342,0.762928,1.55097,0.57698
23,0.15,theta,343,-1.145505,-1.17292,0.474895
23,0.15,theta,344,-0.2197,0.030316,0.495152
23,0.15,theta,345,-0.23794,-0.60228,0.440195
23,0.15,theta,346,-0.645994,-0.712554,0.441886
23,0.15,theta,347,-0.379534,-0.472059,0.426879
23,0.15,theta,348,0.900159,-0.11871,0.497272
23,0.15,theta,349,0.207141,-0.479692,0.467892
23,0.15,theta,350,-0.52406,-0.470998,0.493552
23,0.15,theta,351,-0.434281,-0.47193,0.492742
23,0.15,theta,352,1.105084,0.547844,0.500511
23,0.15,theta,353,0.326469,-0.075718,0.481448
23,0.15,theta,354,-0.539213,-0.020627,0.505443
23,0.15,theta,355,0.987594,0.754885,0.538047
23,0.15,theta,356,-0.380795,-0.619746,0.480009
23,0.15,theta,357,0.700896,0.219576,0.488441
23,0.15,theta,358,0.186219,0.242592,0.480628
23,0.15,theta,359,1.082956,0.99545,0.516747
23,0.15,theta,360,0.46083,1.037685,0.525846
23,0.15,theta,361,-0.195395,-0.485565,0.446722
23,0.15,theta,362,-1.26059,-1.16813,0.455742
23,0.15,theta,363,-1.277201,-2.302495,0.508299
23,0.15,theta,364,0.572008,0.961952,0.530321
23,0.15,theta,365,-0.480573,-0.677404,0.455195
23,0.15,theta,366,-1.631916,-1.29069,0.439336
23,0.15,theta,367,-0.719938,-0.469432,0.485859
23,0.15,theta,368,-1.641342,-0.93285,0.455349
23,0.15,theta,369,-1.123264,-1.11454,0.474117
23,0.15,theta,370,-0.272324,0.698226,0.524238
23,0.15,theta,371,-0.462358,-1.041565,0.475826
23,0.15,theta,372,-1.662781,-0.791326,0.468925
23,0.15,theta,373,-0.936463,-1.40757,0.474955
23,0.15,theta,374,-0.630727,-0.951127,0.473604
23,0.15,theta,375,0.297642,0.353728,0.520907
23,0.15,theta,376,-1.378044,-0.854617,0.451135
23,0.15,theta,377,-0.561111,-0.289864,0.480032
23,0.15,theta,378,0.450618,0.150911,0.518585
23,0.15,theta,379,0.281383,-0.23366,0.428557
23,0.15,theta,380,0.723544,0.877912,0.521171
23,0.15,theta,381,-0.421328,-0.819675,0.455229
23,0.15,theta,382,-1.262819,-0.918388,0.472927
23,0.15,theta,383,-2.331046,-1.987115,0.483679
23,0.15,theta,384,-0.551054,-0.984968,0.45617
23,0.15,theta,385,0.317395,0.211475,0.473849
23,0.15,theta,386,-1.194574,-1.42479,0.462012
23,0.15,theta,387,0.706904,0.548896,0.50557
23,0.15,theta,388,0.095467,-0.040058,0.498586
23,0.15,theta,389,2.990612,1.41876,0.553773
23,0.15,theta,390,-0.918072,-0.821049,0.437428
23,0.15,theta,391,-0.356292,-0.515156,0.510065
23,0.15,theta,392,0.235383,-0.298029,0.445015
23,0.15,theta,393,-0.128689,-0.16642,0.505522
23,0.15,theta,394,0.489984,0.197016,0.5394
23,0.15,theta,395,-1.309446,-0.722856,0.44471
23,0.15,theta,396,-1.858913,-2.28386,0.502462
23,0.15,theta,397,-0.489026,-0.786053,0.483975
23,0.15,theta,398,0.970787,0.749403,0.527907
23,0.15,theta,399,-0.820209,-0.60804,0.460282
23,0.15,theta,400,-0.71158,-0.849516,0.446557
23,0.15,theta,401,0.285978,0.048539,0.484729
23,0.15,theta,402,-0.247546,-0.231752,0.464243
23,0.15,theta,403,-0.524276,-0.434235,0.422279
23,0.15,theta,404,-1.010016,0.13767,0.47378
23,0.15,theta,405,-0.208747,-0.394576,0.473116
23,0.15,theta,406,-0.673454,-0.98073,0.455992
23,0.15,theta,407,0.614228,0.462611,0.492218
23,0.15,theta,408,-1.663161,-1.078635,0.461553
23,0.15,theta,409,-1.739152,-0.96209,0.436324
23,0.15,theta,410,-0.266262,-0.008258,0.514825
23,0.15,theta,411,0.575888,0.316859,0.470065
23,0.15,theta,412,-0.633785,-0.8222,0.465505
23,0.15,theta,413,0.814227,1.263175,0.583358
23,0.15,theta,414,0.814756,0.352804,0.483658
23,0.15,theta,415,-0.29975,-0.609772,0.459476
23,0.15,theta,416,0.753673,0.570408,0.481801
23,0.15,theta,417,-0.457197,-0.207618,0.504631
23,0.15,theta,418,-0.747947,-0.326044,0.454255
23,0.15,theta,419,-0.405984,-0.683169,0.469179
23,0.15,theta,420,1.046088,1.34536,0.563457
23,0.15,theta,421,0.175799,-0.397271,0.492788
23,0.15,theta,422,0.869687,0.118029,0.510942
23,0.15,theta,423,0.661654,0.579028,0.496778
23,0.15,theta,424,-1.990971,-0.43638,0.473529
23,0.15,theta,425,1.430886,1.13403,0.570414
23,0.15,theta,426,0.724138,1.17888,0.541268
23,0.15,theta,427,-1.258936,-0.75559,0.494082
23,0.15,theta,428,1.628936,1.13518,0.5304
23,0.15,theta,429,1.650279,0.913525,0.538132
23,0.15,theta,430,-1.191494,-1.437385,0.476595
23,0.15,theta,431,0.406316,0.696376,0.538347
23,0.15,theta,432,0.13758,-0.085833,0.420599
23,0.15,theta,433,0.553079,0.67179,0.496763
23,0.15,theta,434,0.496301,0.401327,0.488859
23,0.15,theta,435,-0.335353,1.09578,0.556323
23,0.15,theta,436,0.489605,1.108075,0.531113
23,0.15,theta,437,-0.088323,0.475665,0.515485
23,0.15,theta,438,0.887651,0.252197,0.45531
23,0.15,theta,439,-0.461396,-0.781548,0.470046
23,0.15,theta,440,-0.364082,-0.165538,0.4751
23,0.15,theta,441,0.346863,0.805714,0.518638
23,0.15,theta,442,0.43635,-0.213762,0.524797
23,0.15,theta,443,-0.564243,-0.722622,0.454567
23,0.15,theta,444,-1.305001,-0.738574,0.469025
23,0.15,theta,445,-0.191369,0.071925,0.496394
23,0.15,theta,446,-1.136094,-1.25343,0.465661
23,0.15,theta,447,-0.165661,0.525265,0.501135
23,0.15,theta,448,-2.503192,-1.520285,0.513165
23,0.15,theta,449,0.848506,0.547468,0.516436
23,0.15,theta,450,-1.239182,-1.34013,0.482141
23,0.15,theta,451,0.677697,0.649256,0.531881
23,0.15,theta,452,-0.425377,-0.673822,0.461008
23,0.15,theta,453,-1.988516,-0.741064,0.467691
23,0.15,theta,454,-0.027097,0.219737,0.52112
23,0.15,theta,455,-0.158177,-0.640326,0.443245
23,0.15,theta,456,0.798349,0.399692,0.514458
23,0.15,theta,457,-1.146449,-0.38987,0.444853
23,0.15,theta,458,0.835965,1.14005,0.54799
23,0.15,theta,459,1.236664,1.077345,0.570759
23,0.15,theta,460,0.843559,1.159805,0.54274
23,0.15,theta,461,0.435149,-0.266918,0.507755
23,0.15,theta,462,1.634965,0.927413,0.536404
23,0.15,theta,463,-0.740045,-0.519726,0.471591
23,0.15,theta,464,0.336871,-0.263392,0.449484
23,0.15,theta,465,-0.341926,-0.295045,0.436028
23,0.15,theta,466,0.324188,-0.249608,0.497304
23,0.15,theta,467,-0.30407,0.003421,0.503404
23,0.15,theta,468,0.351329,0.045843,0.485069
23,0.15,theta,469,0.85683,0.550528,0.492193
23,0.15,theta,470,-0.948225,-0.963192,0.409409
23,0.15,theta,471,-0.395398,-0.39816,0.485417
23,0.15,theta,472,0.914773,1.447595,0.558105
23,0.15,theta,473,0.224138,0.14785,0.472479
23,0.15,theta,474,-1.474586,-0.851816,0.510896
23,0.15,theta,475,0.540587,0.472152,0.465446
23,0.15,theta,476,0.589776,0.945273,0.545621
23,0.15,theta,477,0.332371,-0.35131,0.424517
23,0.15,theta,478,-0.0666,-0.333033,0.453339
23,0.15,theta,479,-0.722933,-0.595885,0.487965
23,0.15,theta,480,-0.678654,-1.45406,0.454754
23,0.15,theta,481,0.806021,0.624176,0.529812
23,0.15,theta,482,1.380508,0.931374,0.531758
23,0.15,theta,483,-1.18983,-0.399092,0.477652
23,0.15,theta,484,-0.06379,0.034373,0.506832
23,0.15,theta,485,1.395885,0.716559,0.515357
23,0.15,theta,486,-2.227524,-1.01955,0.472409
23,0.15,theta,487,1.187949,0.762063,0.508612
23,0.15,theta,488,1.572402,0.625541,0.477728
23,0.15,theta,489,-1.792861,-2.01332,0.515533
23,0.15,theta,490,0.907364,1.283515,0.55505
23,0.15,theta,491,-0.664296,-0.4937,0.492448
23,0.15,theta,492,0.149652,0.635579,0.544701
23,0.15,theta,493,2.215434,1.852915,0.603546
23,0.15,theta,494,-1.265197,-0.91124,0.441399
23,0.15,theta,495,-0.486743,-0.667916,0.476495
23,0.15,theta,496,1.836652,0.947348,0.534729
23,0.15,theta,497,-0.50156,0.025877,0.458373
23,0.15,theta,498,0.751746,-0.289691,0.456862
23,0.15,theta,499,1.140074,1.43228,0.574115
23,0.15,theta,500,1.135396,0.815258,0.512188
23,0.15,theta,501,0.413718,0.90076,0.557448
23,0.15,theta,502,2.541917,0.844212,0.562184
23,0.15,theta,503,0.35486,0.660443,0.491339
23,0.15,theta,504,-0.381941,-0.053559,0.474596
23,0.15,theta,505,0.083607,-0.154204,0.467104
23,0.15,theta,506,0.438853,0.304794,0.481847
23,0.15,theta,507,2.218929,1.78583,0.594307
23,0.15,theta,508,-0.528993,-0.539672,0.501103
23,0.15,theta,509,0.144392,-0.501686,0.441031
23,0.15,theta,510,2.16167,1.632685,0.578319
23,0.15,theta,511,1.134624,0.907296,0.526842
23,0.15,theta,512,0.046088,0.169739,0.508392
23,0.15,theta,513,0.881937,0.831342,0.520948
23,0.15,theta,514,1.187549,0.781826,0.51232
23,0.15,theta,515,-0.171915,0.243245,0.486502
23,0.15,theta,516,-0.813485,-0.828596,0.475141
23,0.15,theta,517,0.041745,0.176264,0.530911
23,0.15,theta,518,-0.692669,-0.604532,0.484743
23,0.15,theta,519,1.092016,0.57237,0.53161
23,0.15,theta,520,-0.793004,-0.795193,0.447858
23,0.15,theta,521,-0.996947,-0.637844,0.492028
23,0.15,theta,522,-0.269735,0.224988,0.507047
23,0.15,theta,523,0.343635,-0.048748,0.498135
23,0.15,theta,524,0.362444,0.616689,0.511142
23,0.15,theta,525,-0.71662,-0.446087,0.472842
23,0.15,theta,526,-1.035471,-1.31544,0.470423
23,0.15,theta,527,1.611319,0.801173,0.569824
23,0.15,theta,528,1.267731,0.844938,0.517566
23,0.15,theta,529,0.555926,0.575869,0.514454
23,0.15,theta,530,-2.054104,-1.945085,0.501538
23,0.15,theta,531,-0.149016,-0.57813,0.464669
23,0.15,theta,532,-0.08526,0.164682,0.488148
23,0.15,theta,533,-1.154765,-0.174981,0.493746
23,0.15,theta,534,-1.581222,-1.322415,0.47504
23,0.15,theta,535,-0.648045,-0.914111,0.447609
23,0.15,theta,536,0.456234,0.790506,0.505968
23,0.15,theta,537,0.217531,0.492982,0.519379
23,0.15,theta,538,1.13874,0.857434,0.504389
23,0.15,theta,539,-0.695667,-0.875078,0.463709
23,0.15,theta,540,0.225685,-0.248394,0.444869
23,0.15,theta,541,1.134994,0.46906,0.532811
23,0.15,theta,542,0.03963,-0.657991,0.475066
23,0.15,theta,543,-1.408712,-0.98603,0.451517
23,0.15,theta,544,1.244991,1.13027,0.540851
23,0.15,theta,545,0.651662,0.439008,0.516878
23,0.15,theta,546,-0.478837,-0.301312,0.440516
23,0.15,theta,547,0.834945,1.16007,0.56674
23,0.15,theta,548,0.379969,0.556675,0.500633
23,0.15,theta,549,1.524186,1.43454,0.578104
23,0.15,theta,550,0.110869,0.868149,0.526888
23,0.15,theta,551,0.807178,0.784613,0.524343
23,0.15,theta,552,0.794651,0.817959,0.525695
23,0.15,theta,553,1.13463,-0.18874,0.500001
23,0.15,theta,554,0.996743,0.990341,0.523298
23,0.15,theta,555,-1.249578,-1.185975,0.49318
23,0.15,theta,556,-0.137299,0.228568,0.50922
23,0.15,theta,557,-0.171972,0.031115,0.421257
23,0.15,theta,558,-0.007576,-0.441157,0.461132
23,0.15,theta,559,1.082123,1.288215,0.552287
23,0.15,theta,560,-0.223099,-0.492429,0.463246
23,0.15,theta,561,-0.689801,-0.823538,0.464747
23,0.15,theta,562,0.772422,0.498502,0.48296
23,0.15,theta,563,-0.81926,-0.476802,0.428777
23,0.15,theta,564,-0.300556,-0.434752,0.468732
23,0.15,theta,565,-0.774263,-0.5054,0.470354
23,0.15,theta,566,0.160108,-0.117022,0.491524
23,0.15,theta,567,0.906394,1.1783,0.531461
23,0.15,theta,568,-0.595127,-0.069346,0.466843
23,0.15,theta,569,0.360916,0.110406,0.481993
23,0.15,theta,570,-0.926369,-0.861208,0.449484
23,0.15,theta,571,0.517336,0.535256,0.503176
23,0.15,theta,572,-0.236891,-0.349811,0.471622
23,0.15,theta,573,0.104376,0.203868,0.513407
23,0.15,theta,574,-0.782736,-0.833877,0.461062
23,0.15,theta,575,-0.207749,-0.522039,0.448727
23,0.15,theta,576,0.45938,0.967359,0.510623
23,0.15,theta,577,-1.006619,-0.886524,0.461165
23,0.15,theta,578,-0.45135,-0.060393,0.471076
23,0.15,theta,579,-0.680434,-0.874792,0.467206
23,0.15,theta,580,0.48524,-0.393504,0.504854
23,0.15,theta,581,-1.312556,-0.919033,0.463303
23,0.15,theta,582,-0.742592,-0.138808,0.483428
23,0.15,theta,583,-0.53075,-0.578154,0.463648
23,0.15,theta,584,0.707556,0.437112,0.504305
23,0.15,theta,585,-1.657349,-1.379045,0.49209
23,0.15,theta,586,-0.927539,-0.436783,0.47097
23,0.15,theta,587,0.571992,0.139016,0.489001
23,0.15,theta,588,-0.150232,0.706176,0.546368
23,0.15,theta,589,0.993868,1.19063,0.556387
23,0.15,theta,590,1.56533,1.64252,0.56882
23,0.15,theta,591,-0.445994,0.342988,0.518602
23,0.15,theta,592,-0.081974,-0.424118,0.484242
23,0.15,theta,593,-0.189182,0.307742,0.469687
23,0.15,theta,594,-0.211043,0.157488,0.485548
23,0.15,theta,595,0.086715,0.474945,0.478019
23,0.15,theta,596,-0.025896,-0.295582,0.440244
23,0.15,theta,597,-0.085643,-0.336014,0.46807
23,0.15,theta,598,1.482706,0.160502,0.468119
23,0.15,theta,599,-1.379655,-1.23233,0.518142
23,0.15,theta,600,-0.717549,-0.696408,0.433769
23,0.15,theta,601,0.08263,-0.080748,0.443683
23,0.15,theta,602,1.058926,0.702408,0.524744
23,0.15,theta,603,0.634281,0.208334,0.522256
23,0.15,theta,604,0.466581,0.012875,0.463006
23,0.15,theta,605,-2.264008,-1.538135,0.482721
23,0.15,theta,606,0.104813,-0.374752,0.509121
23,0.15,theta,607,-0.863759,0.020661,0.457428
23,0.15,theta,608,-1.054458,-0.543725,0.462471
23,0.15,theta,609,1.418932,1.10554,0.535137
23,0.15,theta,610,-1.88587,-1.56007,0.508381
23,0.15,theta,611,1.825472,1.393435,0.567616
23,0.15,theta,612,-1.635804,-1.056325,0.481479
23,0.15,theta,613,1.783904,0.015962,0.497449
23,0.15,theta,614,-1.033817,-1.215545,0.481939
23,0.15,theta,615,0.543611,0.151794,0.513729
23,0.15,theta,616,2.184926,1.648875,0.584725
23,0.15,theta,617,1.412439,1.17027,0.549803
23,0.15,theta,618,-0.011643,0.335852,0.508585
23,0.15,theta,619,-1.033466,-1.16451,0.457568
23,0.15,theta,620,0.673054,-0.30973,0.492756
23,0.15,theta,621,0.740479,-0.34319,0.476509
23,0.15,theta,622,-0.116055,-0.13605,0.445008
23,0.15,theta,623,2.328578,1.45527,0.582918
23,0.15,theta,624,-1.20116,-0.6242,0.434832
23,0.15,theta,625,-0.574876,-0.578699,0.484658
23,0.15,theta,626,0.582992,0.678583,0.514143
23,0.15,theta,627,-0.756946,-0.669918,0.471489
23,0.15,theta,628,-1.574105,-2.090005,0.507844
23,0.15,theta,629,1.373935,0.25511,0.52833
23,0.15,theta,630,0.094908,0.154024,0.46999
23,0.15,theta,631,0.501442,0.401052,0.486858
23,0.15,theta,632,1.321715,0.796142,0.512927
23,0.15,theta,633,-1.509314,-1.19995,0.462877
23,0.15,theta,634,0.37345,0.395214,0.516938
23,0.15,theta,635,0.345601,0.258626,0.47705
23,0.15,theta,636,0.625288,0.660359,0.481067
23,0.15,theta,637,1.301469,0.868806,0.530375
23,0.15,theta,638,-0.602733,-0.52669,0.449148
23,0.15,theta,639,0.487058,0.643006,0.537166
23,0.15,theta,640,-0.317698,-0.358314,0.485473
23,0.15,theta,641,2.542591,2.40694,0.603567
23,0.15,theta,642,-0.58142,-0.383278,0.474726
23,0.15,theta,643,0.50074,-0.328734,0.413845
23,0.15,theta,644,2.523586,1.214445,0.524596
23,0.15,theta,645,0.198168,-0.538739,0.469358
23,0.15,theta,646,-0.457029,-0.040336,0.512112
23,0.15,theta,647,-1.006581,-0.911484,0.448901
23,0.15,theta,648,0.924478,1.23554,0.565965
23,0.15,theta,649,0.804223,0.675118,0.537071
23,0.15,theta,650,0.555823,1.43512,0.552054
23,0.15,theta,651,-0.105817,-0.620862,0.483509
23,0.15,theta,652,-0.356336,-0.670338,0.488539
23,0.15,theta,653,0.751052,0.744308,0.546647
23,0.15,theta,654,0.801243,1.405235,0.55368
23,0.15,theta,655,0.915673,1.13194,0.550423
23,0.15,theta,656,-0.856051,-0.793324,0.470663
23,0.15,theta,657,-0.585976,-0.278341,0.514067
23,0.15,theta,658,0.629312,0.41333,0.509081
23,0.15,theta,659,0.974596,0.457871,0.516402
23,0.15,theta,660,-0.143436,-0.19717,0.495075
23,0.15,theta,661,0.318354,0.802148,0.568115
23,0.15,theta,662,-0.18349,0.027846,0.501495
23,0.15,theta,663,-0.067378,-0.076992,0.465478
23,0.15,theta,664,-1.702019,-0.945718,0.469463
23,0.15,theta,665,0.25967,0.725777,0.519539
23,0.15,theta,666,0.365414,0.531587,0.500827
23,0.15,theta,667,-0.278985,-0.682531,0.452707
23,0.15,theta,668,-2.066942,-0.87986,0.445752
23,0.15,theta,669,1.61812,1.711865,0.570358
23,0.15,theta,670,-1.10762,-0.359567,0.44369
23,0.15,theta,671,-1.656037,-1.094495,0.456321
23,0.15,theta,672,-0.270795,-0.61843,0.462807
23,0.15,theta,673,-1.702057,-0.607005,0.47558
23,0.15,theta,674,1.790468,1.29854,0.578357
23,0.15,theta,675,0.316702,0.198683,0.485062
23,0.15,theta,676,1.145118,1.06953,0.580965
23,0.15,theta,677,0.516965,0.318889,0.461995
23,0.15,theta,678,1.032741,0.587926,0.52277
23,0.15,theta,679,-0.769379,-0.653182,0.45167
23,0.15,theta,680,-0.249064,-0.514733,0.479705
23,0.15,theta,681,2.254745,1.690855,0.550754
23,0.15,theta,682,-0.442495,-0.699093,0.443149
23,0.15,theta,683,1.517615,1.480955,0.577349
23,0.15,theta,684,-0.511679,-0.773163,0.448329
23,0.15,theta,685,0.234625,0.264524,0.492814
23,0.15,theta,686,-0.044464,0.399588,0.498004
23,0.15,theta,687,-0.154181,0.40375,0.535391
23,0.15,theta,688,0.741172,-0.251373,0.440387
23,0.15,theta,689,0.427882,0.08097,0.477021
23,0.15,theta,690,-0.215517,-0.129192,0.458531
23,0.15,theta,691,1.112552,1.284635,0.524773
23,0.15,theta,692,-2.281541,-0.882296,0.407896
23,0.15,theta,693,1.40434,1.47884,0.572277
23,0.15,theta,694,-0.881827,-0.897693,0.464061
23,0.15,theta,695,-0.730012,-0.503424,0.513662
23,0.15,theta,696,-2.79512,-1.690335,0.492831
23,0.15,theta,697,-2.246727,-1.388575,0.459386
23,0.15,theta,698,1.402204,1.00601,0.544496
23,0.15,theta,699,-2.510819,-2.259635,0.527165
23,0.15,theta,700,0.255581,-0.205723,0.465145
23,0.15,theta,701,-1.427998,-1.21253,0.475113
23,0.15,theta,702,0.020536,-0.407181,0.461402
23,0.15,theta,703,-1.371822,-1.051845,0.48362
23,0.15,theta,704,1.411527,0.654146,0.50493
23,0.15,theta,705,0.619461,0.300928,0.512169
23,0.15,theta,706,0.830069,1.30618,0.54622
23,0.15,theta,707,-0.926292,-0.388986,0.496323
23,0.15,theta,708,-2.168536,-0.975963,0.481631
23,0.15,theta,709,1.393416,1.42223,0.573924
23,0.15,theta,710,-0.49051,-0.068093,0.490472
23,0.15,theta,711,-0.105831,-0.549869,0.484442
23,0.15,theta,712,-0.223237,0.206226,0.482598
23,0.15,theta,713,0.266452,0.665816,0.496619
23,0.15,theta,714,0.141363,0.814314,0.48925
23,0.15,theta,715,-1.725452,-1.45264,0.467411
23,0.15,theta,716,0.570333,0.692608,0.542667
23,0.15,theta,717,0.820794,0.487446,0.485104
23,0.15,theta,718,-0.537382,-0.753112,0.460899
23,0.15,theta,719,-0.993799,-0.236224,0.481614
23,0.15,theta,720,-0.038567,0.348066,0.490223
23,0.15,theta,721,-0.173881,-0.07427,0.490999
23,0.15,theta,722,-0.602041,0.702054,0.512455
23,0.15,theta,723,1.658972,1.18784,0.565504
23,0.15,theta,724,-1.077154,-1.23397,0.43646
23,0.15,theta,725,-0.112844,-0.856484,0.455246
23,0.15,theta,726,-0.582584,-0.828284,0.489859
23,0.15,theta,727,-0.177313,-0.907255,0.437882
23,0.15,theta,728,-0.987474,-0.845734,0.4791
23,0.15,theta,729,0.377832,-0.198508,0.439319
23,0.15,theta,730,-0.325944,-0.093518,0.450961
23,0.15,theta,731,0.19117,0.748632,0.525253
23,0.15,theta,732,-1.088313,-1.585165,0.478898
23,0.15,theta,733,0.292873,0.104696,0.48563
23,0.15,theta,734,0.664554,1.183735,0.567856
23,0.15,theta,735,-2.336145,-1.474745,0.471534
23,0.15,theta,736,1.63368,1.415915,0.556405
23,0.15,theta,737,-1.190943,-1.14425,0.512098
23,0.15,theta,738,-0.799763,-0.896039,0.457964
23,0.15,theta,739,-0.828658,-0.760115,0.499309
23,0.15,theta,740,1.062597,0.838253,0.562873
23,0.15,theta,741,0.926044,0.917788,0.537066
23,0.15,theta,742,-0.50089,0.014483,0.509681
23,0.15,theta,743,0.08705,-0.052489,0.494134
23,0.15,theta,744,-0.719524,-0.071415,0.432208
23,0.15,theta,745,-2.206321,-1.62607,0.50386
23,0.15,theta,746,1.406725,1.23449,0.575041
23,0.15,theta,747,-0.054745,-0.145401,0.467184
23,0.15,theta,748,-0.6768,-0.319964,0.465078
23,0.15,theta,749,-0.941579,-1.26245,0.505469
23,0.15,theta,750,0.865775,1.01945,0.518337
23,0.15,theta,751,-0.131533,0.155268,0.525561
23,0.15,theta,752,-0.467932,0.61929,0.508582
23,0.15,theta,753,0.299128,0.809358,0.557493
23,0.15,theta,754,-0.393942,-0.644014,0.459887
23,0.15,theta,755,-0.843433,-0.68425,0.496731
23,0.15,theta,756,0.10634,0.329598,0.500252
23,0.15,theta,757,-1.467126,-0.543448,0.476733
23,0.15,theta,758,0.048506,-0.017573,0.490504
23,0.15,theta,759,-1.880411,-1.69807,0.493353
23,0.15,theta,760,-0.647478,-0.357254,0.49958
23,0.15,theta,761,1.229396,0.701984,0.523215
23,0.15,theta,762,0.692488,0.688574,0.497012
23,0.15,theta,763,1.101201,0.85788,0.506631
23,0.15,theta,764,-0.449681,-0.381479,0.469821
23,0.15,theta,765,-0.188694,-0.073392,0.524722
23,0.15,theta,766,-0.4509,-0.920416,0.421921
23,0.15,theta,767,0.038849,-0.342123,0.452274
23,0.15,theta,768,0.888148,0.830666,0.560112
23,0.15,theta,769,-0.4834,-0.792974,0.447476
23,0.15,theta,770,-0.875963,-1.11661,0.456238
23,0.15,theta,771,-0.305044,0.070419,0.483814
23,0.15,theta,772,-0.288926,0.51272,0.495381
23,0.15,theta,773,-1.160253,-0.530213,0.479207
23,0.15,theta,774,-1.348184,-1.454115,0.454662
23,0.15,theta,775,0.115929,0.121236,0.482308
23,0.15,theta,776,-0.48869,-1.364175,0.428182
23,0.15,theta,777,0.258443,0.839353,0.529939
23,0.15,theta,778,-0.519154,-0.74909,0.428901
23,0.15,theta,779,-0.80951,-1.265855,0.500344
23,0.15,theta,780,0.459684,0.275317,0.478586
23,0.15,theta,781,-0.696087,-1.0641,0.414486
23,0.15,theta,782,-0.405189,0.150154,0.483069
23,0.15,theta,783,1.041294,1.028125,0.540458
23,0.15,theta,784,-1.8562,-0.214286,0.444513
23,0.15,theta,785,-0.37113,-0.151298,0.466886
23,0.15,theta,786,0.134865,-0.150832,0.456912
23,0.15,theta,787,-0.43583,-0.421755,0.457691
23,0.15,theta,788,0.513947,1.19129,0.561489
23,0.15,theta,789,0.862697,0.757119,0.521963
23,0.15,theta,790,1.106747,1.1836,0.534978
23,0.15,theta,791,-1.185149,-1.118485,0.438529
23,0.15,theta,792,2.574106,2.43307,0.612702
23,0.15,theta,793,0.894296,1.09601,0.553329
23,0.15,theta,794,1.536508,1.06386,0.559611
23,0.15,theta,795,-0.276011,-0.209473,0.481945
23,0.15,theta,796,0.138268,0.450962,0.5015
23,0.15,theta,797,1.307126,0.15053,0.465832
23,0.15,theta,798,0.634425,0.609,0.507638
23,0.15,theta,799,1.010483,0.974682,0.557318
23,0.15,theta,800,-0.564397,-0.790576,0.44771
23,0.15,theta,801,-0.428798,0.857722,0.534743
23,0.15,theta,802,0.6819,0.323522,0.50191
23,0.15,theta,803,0.384824,0.116246,0.468226
23,0.15,theta,804,-0.360354,-1.196335,0.452191
23,0.15,theta,805,0.669433,1.080025,0.557381
23,0.15,theta,806,1.331903,1.002025,0.541053
23,0.15,theta,807,0.038216,0.357456,0.512494
23,0.15,theta,808,-1.257986,-1.512785,0.463942
23,0.15,theta,809,-0.785357,-1.14515,0.496934
23,0.15,theta,810,0.63362,0.074722,0.519914
23,0.15,theta,811,0.875489,0.972106,0.564019
23,0.15,theta,812,-1.12597,-0.873712,0.466632
23,0.15,theta,813,0.388934,-0.078655,0.477079
23,0.15,theta,814,-0.784674,-1.504545,0.471091
23,0.15,theta,815,0.353746,-0.152734,0.468665
23,0.15,theta,816,0.205848,0.481145,0.513074
23,0.15,theta,817,0.768646,0.667204,0.518988
23,0.15,theta,818,-0.237476,0.534905,0.509191
23,0.15,theta,819,0.119992,0.211753,0.504357
23,0.15,theta,820,0.001089,0.760021,0.515434
23,0.15,theta,821,-0.707998,-1.429915,0.458991
23,0.15,theta,822,0.844928,0.30527,0.522056
23,0.15,theta,823,1.959853,1.747165,0.597503
23,0.15,theta,824,0.784167,0.575152,0.506578
23,0.15,theta,825,-0.551163,-0.55763,0.424122
23,0.15,theta,826,0.345653,1.128895,0.552518
23,0.15,theta,827,-0.221724,0.605395,0.516267
23,0.15,theta,828,-0.146475,-1.038715,0.435651
23,0.15,theta,829,0.748832,1.027955,0.528156
23,0.15,theta,830,1.738212,0.301335,0.508074
23,0.15,theta,831,0.515371,1.08505,0.55207
23,0.15,theta,832,-0.556034,-0.843768,0.447368
23,0.15,theta,833,-0.258136,-0.335452,0.461866
23,0.15,theta,834,-0.565175,-0.351639,0.450915
23,0.15,theta,835,0.529537,0.728283,0.547463
23,0.15,theta,836,-0.71881,0.067519,0.453999
23,0.15,theta,837,0.30204,-0.213031,0.491104
23,0.15,theta,838,0.492073,0.226489,0.511477
23,0.15,theta,839,-0.132403,0.50206,0.504853
23,0.15,theta,840,0.382079,-0.053251,0.439173
23,0.15,theta,841,0.449189,0.588052,0.537787
23,0.15,theta,842,-1.086664,-1.249115,0.456108
23,0.15,theta,843,-0.053062,-0.351192,0.499292
23,0.15,theta,844,-0.298657,0.574246,0.520628
23,0.15,theta,845,1.030555,0.80705,0.53101
23,0.15,theta,846,1.821176,1.624575,0.566522
23,0.15,theta,847,0.565866,0.54397,0.547046
23,0.15,theta,848,0.8244,0.087773,0.517564
23,0.15,theta,849,-0.110592,-0.080881,0.47771
23,0.15,theta,850,-1.21646,-0.959037,0.476911
23,0.15,theta,851,-0.67415,-0.995266,0.442135
23,0.15,theta,852,0.446533,1.2012,0.544755
23,0.15,theta,853,0.750198,1.26662,0.555857
23,0.15,theta,854,-0.827629,-0.596695,0.456461
23,0.15,theta,855,2.237892,1.44086,0.57258
23,0.15,theta,856,-0.049132,-0.233306,0.478354
23,0.15,theta,857,0.676378,0.690239,0.508454
23,0.15,theta,858,-0.864749,-0.807173,0.502159
23,0.15,theta,859,0.331974,0.716882,0.520567
23,0.15,theta,860,-0.668257,-0.840006,0.452916
23,0.15,theta,861,-0.484763,-0.78135,0.440827
23,0.15,theta,862,-1.816009,-1.13541,0.448736
23,0.15,theta,863,2.317803,0.937342,0.558045
23,0.15,theta,864,-1.39828,-0.361162,0.498386
23,0.15,theta,865,0.010639,0.186096,0.452556
23,0.15,theta,866,-0.60646,-0.659464,0.507551
23,0.15,theta,867,-0.4389,-0.491922,0.48509
23,0.15,theta,868,0.762533,1.02822,0.517867
23,0.15,theta,869,-0.497656,-0.465059,0.482354
23,0.15,theta,870,0.325986,0.008938,0.462112
23,0.15,theta,871,1.23761,1.24376,0.535205
23,0.15,theta,872,0.414208,-0.017394,0.482411
23,0.15,theta,873,0.339648,-0.793348,0.470009
23,0.15,theta,874,1.498385,0.720311,0.508332
23,0.15,theta,875,0.637399,0.080358,0.557693
23,0.15,theta,876,1.117109,1.51151,0.541009
23,0.15,theta,877,-0.478256,-0.658101,0.457373
23,0.15,theta,878,0.460345,0.873455,0.53668
23,0.15,theta,879,1.109045,0.954258,0.518185
23,0.15,theta,880,1.474884,1.29088,0.572563
23,0.15,theta,881,-0.277359,0.458048,0.514278
23,0.15,theta,882,-0.001647,-0.275694,0.462822
23,0.15,theta,883,0.317202,0.197382,0.508318
23,0.15,theta,884,0.780076,1.894095,0.601189
23,0.15,theta,885,1.027079,1.01804,0.540968
23,0.15,theta,886,-0.531082,-0.318368,0.471202
23,0.15,theta,887,2.665687,2.048,0.595488
23,0.15,theta,888,-1.390559,0.160054,0.489351
23,0.15,theta,889,0.3142,0.202072,0.517062
23,0.15,theta,890,-0.203819,0.201332,0.488008
23,0.15,theta,891,-1.521244,-1.235435,0.428838
23,0.15,theta,892,-0.635927,-0.687938,0.473193
23,0.15,theta,893,-1.186297,-1.98674,0.491376
23,0.15,theta,894,-0.212667,0.060231,0.46824
23,0.15,theta,895,-0.248827,-0.926716,0.475756
23,0.15,theta,896,-0.175592,0.050133,0.494276
23,0.15,theta,897,-0.448732,-0.039816,0.444267
23,0.15,theta,898,0.280655,0.404867,0.544604
23,0.15,theta,899,-1.221247,-1.27816,0.456964
23,0.15,theta,900,-0.093661,0.057319,0.480399
23,0.15,theta,901,0.121097,-0.196718,0.41593
23,0.15,theta,902,-0.152335,-0.144876,0.502086
23,0.15,theta,903,0.272707,-0.19717,0.458176
23,0.15,theta,904,-0.017942,0.180272,0.505408
23,0.15,theta,905,0.440919,1.13516,0.54499
23,0.15,theta,906,0.189787,-0.438264,0.413614
23,0.15,theta,907,-0.463653,-0.234354,0.475599
23,0.15,theta,908,1.258882,0.762104,0.532454
23,0.15,theta,909,-1.037511,-0.26654,0.478093
23,0.15,theta,910,1.640633,0.9481,0.544966
23,0.15,theta,911,-0.2416,-0.737569,0.449565
23,0.15,theta,912,0.005173,-0.117701,0.498784
23,0.15,theta,913,-0.771081,-0.794372,0.446448
23,0.15,theta,914,-2.072788,-1.090645,0.434259
23,0.15,theta,915,1.678816,1.567765,0.596361
23,0.15,theta,916,0.407821,0.564209,0.511816
23,0.15,theta,917,0.296903,0.459668,0.473441
23,0.15,theta,918,1.02672,0.321816,0.496517
23,0.15,theta,919,0.118647,0.372406,0.474077
23,0.15,theta,920,-2.471968,-1.10253,0.462284
23,0.15,theta,921,-0.477941,0.120963,0.469803
23,0.15,theta,922,-0.502227,-0.564588,0.477834
23,0.15,theta,923,-0.198673,-0.193918,0.45444
23,0.15,theta,924,-0.251151,-0.127461,0.496034
23,0.15,theta,925,0.512612,0.2272,0.464436
23,0.15,theta,926,1.544504,1.32304,0.555392
23,0.15,theta,927,-0.462914,-0.57836,0.438335
23,0.15,theta,928,-1.003942,-0.145161,0.51868
23,0.15,theta,929,-0.663102,-0.711276,0.482681
23,0.15,theta,930,-0.031077,-0.020181,0.473956
23,0.15,theta,931,1.115599,1.238355,0.543029
23,0.15,theta,932,-0.406968,-0.252582,0.505891
23,0.15,theta,933,0.459829,0.45109,0.495951
23,0.15,theta,934,2.112033,1.443115,0.54761
23,0.15,theta,935,0.022764,0.012498,0.495947
23,0.15,theta,936,1.122686,1.119035,0.523663
23,0.15,theta,937,1.024602,0.671133,0.513972
23,0.15,theta,938,-0.732541,-0.151542,0.520819
23,0.15,theta,939,-1.300062,-1.02027,0.49929
23,0.15,theta,940,0.882181,1.232215,0.555896
23,0.15,theta,941,-0.871999,-0.123882,0.459462
23,0.15,theta,942,1.688893,1.162745,0.566149
23,0.15,theta,943,-0.600108,-0.309719,0.453475
23,0.15,theta,944,1.888685,2.414805,0.61514
23,0.15,theta,945,1.099808,0.33043,0.515568
23,0.15,theta,946,-2.026187,-1.667085,0.528028
23,0.15,theta,947,-1.911126,-1.45429,0.440789
23,0.15,theta,948,-0.051943,-0.215818,0.486564
23,0.15,theta,949,-0.447165,-0.540956,0.454474
23,0.15,theta,950,0.35201,0.324982,0.519443
23,0.15,theta,951,-0.066452,-0.31156,0.479991
23,0.15,theta,952,0.775976,0.52331,0.507976
23,0.15,theta,953,1.49007,1.040425,0.577662
23,0.15,theta,954,-0.661651,-0.881124,0.465882
23,0.15,theta,955,-1.290552,-1.040245,0.449833
23,0.15,theta,956,-1.239707,-0.400671,0.467008
23,0.15,theta,957,-0.522892,-0.335172,0.506411
23,0.15,theta,958,-0.559021,-0.293588,0.477907
23,0.15,theta,959,-0.537241,-0.959578,0.487594
23,0.15,theta,960,0.610188,0.221686,0.499648
23,0.15,theta,961,-0.560164,-0.350754,0.502298
23,0.15,theta,962,0.062061,0.252162,0.484646
23,0.15,theta,963,-0.088464,-0.427928,0.446277
23,0.15,theta,964,-1.405782,-1.00348,0.468031
23,0.15,theta,965,0.60937,1.114955,0.55048
23,0.15,theta,966,0.10312,1.127535,0.566056
23,0.15,theta,967,1.661557,-0.060868,0.51677
23,0.15,theta,968,-1.817996,-0.561845,0.450371
23,0.15,theta,969,-0.208913,-0.732018,0.433104
23,0.15,theta,970,0.188849,0.02061,0.463564
23,0.15,theta,971,-0.971988,0.158172,0.47418
23,0.15,theta,972,-0.686311,-0.192004,0.520852
23,0.15,theta,973,0.469284,0.420215,0.509997
23,0.15,theta,974,1.086514,0.331034,0.485145
23,0.15,theta,975,-0.485869,-0.748213,0.444963
23,0.15,theta,976,-0.034219,-0.572508,0.474526
23,0.15,theta,977,0.951536,1.82872,0.584769
23,0.15,theta,978,-0.2912,0.660483,0.469846
23,0.15,theta,979,-0.033015,-0.59041,0.46694
23,0.15,theta,980,-0.136549,0.117224,0.470491
23,0.15,theta,981,-1.489148,-0.914654,0.440083
23,0.15,theta,982,1.649037,1.760495,0.60427
23,0.15,theta,983,-0.244728,-0.781383,0.467559
23,0.15,theta,984,-0.298062,0.029755,0.463428
23,0.15,theta,985,-0.331847,-0.076996,0.484792
23,0.15,theta,986,1.284343,1.31221,0.540458
23,0.15,theta,987,0.013408,0.046326,0.494463
23,0.15,theta,988,0.268551,0.130808,0.506841
23,0.15,theta,989,0.233509,0.687011,0.486435
23,0.15,theta,990,1.875606,1.190185,0.556276
23,0.15,theta,991,0.40265,0.256362,0.488041
23,0.15,theta,992,-0.093169,0.213262,0.498213
23,0.15,theta,993,-1.446081,-0.948736,0.419487
23,0.15,theta,994,-0.337021,-0.182074,0.44968
23,0.15,theta,995,0.795152,1.42432,0.572136
23,0.15,theta,996,-0.208964,-0.048126,0.46725
23,0.15,theta,997,-1.402307,-0.203561,0.493153
23,0.15,theta,998,-1.393523,-0.152282,0.457353
23,0.15,theta,999,-0.046359,-0.899108,0.45441
23,0.15,theta,1000,-1.371741,-1.92211,0.481212
23,0.15,theta,1001,0.181377,0.284516,0.507697
23,0.15,theta,1002,0.280927,0.32365,0.506879
23,0.15,theta,1003,-1.089356,-1.140915,0.44249
23,0.15,theta,1004,-0.551436,-0.732988,0.469713
23,0.15,theta,1005,-0.323627,-0.575379,0.469731
23,0.15,theta,1006,-0.702543,-1.628675,0.493662
23,0.15,theta,1007,0.477624,0.583044,0.497381
23,0.15,theta,1008,-0.661734,-0.312696,0.476104
23,0.15,theta,1009,-1.674778,-1.181715,0.491856
23,0.15,theta,1010,1.040873,1.20548,0.524553
23,0.15,theta,1011,1.309248,0.384302,0.537495
23,0.15,theta,1012,0.638493,0.84137,0.51687
23,0.15,theta,1013,-1.410836,-1.112275,0.446184
23,0.15,theta,1014,1.523941,0.934441,0.517279
23,0.15,theta,1015,0.115003,0.111177,0.489494
23,0.15,theta,1016,2.358756,1.938135,0.595944
23,0.15,theta,1017,-1.038037,-0.871844,0.466588
23,0.15,theta,1018,-0.431047,-0.025588,0.482722
23,0.15,theta,1019,-0.33349,0.194201,0.505197
23,0.15,theta,1020,-0.366712,-0.450933,0.483207
23,0.15,theta,1021,-1.239078,-1.20631,0.450375
23,0.15,theta,1022,1.667224,1.105615,0.563536
23,0.15,theta,1023,-0.239216,-0.786784,0.441671
23,0.15,theta,1024,0.175651,0.890747,0.515471
23,0.15,theta,1025,-0.424694,0.100366,0.520839
23,0.15,theta,1026,0.758189,0.798042,0.53866
23,0.15,theta,1027,0.530508,0.187066,0.463825
23,0.15,theta,1028,-0.169776,-0.251868,0.46042
23,0.15,theta,1029,0.842486,1.05597,0.528299
23,0.15,theta,1030,-1.091387,-0.862782,0.456296
23,0.15,theta,1031,0.118861,0.480977,0.526756
23,0.15,theta,1032,-1.358764,-0.564644,0.459031
23,0.15,theta,1033,-0.495168,-0.564904,0.45998
23,0.15,theta,1034,1.34632,1.352345,0.57993
23,0.15,theta,1035,0.656538,1.884235,0.578853
23,0.15,theta,1036,0.467774,0.055967,0.528317
23,0.15,theta,1037,-0.117295,-0.090445,0.478431
23,0.15,theta,1038,1.187805,1.12173,0.517196
23,0.15,theta,1039,1.086309,0.360337,0.501822
23,0.15,theta,1040,-0.324133,-0.4972,0.456843
23,0.15,theta,1041,0.373883,0.63985,0.482268
23,0.15,theta,1042,-1.038534,-1.134395,0.450755
23,0.15,theta,1043,0.879142,0.816626,0.519159
23,0.15,theta,1044,0.110155,-0.304421,0.482796
23,0.15,theta,1045,0.193744,0.356535,0.546205
23,0.15,theta,1046,0.579724,0.95733,0.551374
23,0.15,theta,1047,0.76773,0.824746,0.511897
23,0.15,theta,1048,0.232364,0.00298,0.491504
23,0.15,theta,1049,0.621567,-0.50917,0.467449
23,0.15,theta,1050,-0.036196,0.373587,0.499333
23,0.15,theta,1051,1.625781,1.00987,0.529778
23,0.15,theta,1052,0.392137,0.151973,0.512228
23,0.15,theta,1053,0.850933,0.713536,0.544786
23,0.15,theta,1054,0.148434,0.343018,0.501072
23,0.15,theta,1055,-0.719954,-0.540972,0.46485
23,0.15,theta,1056,1.01401,0.546074,0.540241
23,0.15,theta,1057,-0.169856,0.010746,0.512424
23,0.15,theta,1058,-1.838098,-1.16173,0.474054
23,0.15,theta,1059,-0.906725,-1.147865,0.406986
23,0.15,theta,1060,0.283323,0.882811,0.538606
23,0.15,theta,1061,0.302383,0.690954,0.502355
23,0.15,theta,1062,-1.024576,-1.475945,0.464776
23,0.15,theta,1063,1.34242,1.609025,0.56978
23,0.15,theta,1064,-0.472935,-0.605294,0.433927
23,0.15,theta,1065,0.416119,0.222396,0.508266
23,0.15,theta,1066,-0.811668,-0.910024,0.466938
23,0.15,theta,1067,0.533062,0.09384,0.457912
23,0.15,theta,1068,-0.297853,-0.238036,0.448486
23,0.15,theta,1069,-0.558296,-0.52821,0.504843
23,0.15,theta,1070,0.197597,0.800438,0.477445
23,0.15,theta,1071,0.396198,0.674402,0.526576
23,0.15,theta,1072,0.82144,0.675113,0.528038
23,0.15,theta,1073,-0.465004,0.495058,0.547059
23,0.15,theta,1074,0.159999,0.50083,0.541312
23,0.15,theta,1075,0.61143,-0.101306,0.528828
23,0.15,theta,1076,-0.390615,-0.647253,0.470696
23,0.15,theta,1077,-1.234471,-1.531435,0.456691
23,0.15,theta,1078,-2.119582,-1.07514,0.462487
23,0.15,theta,1079,1.768011,1.50545,0.555513
23,0.15,theta,1080,-0.421701,-0.746914,0.461303
23,0.15,theta,1081,-0.035872,0.305912,0.492164
23,0.15,theta,1082,0.193647,0.311644,0.488842
23,0.15,theta,1083,-1.375184,-1.52915,0.480281
23,0.15,theta,1084,-1.950008,-1.848435,0.493078
23,0.15,theta,1085,-1.104771,-1.01349,0.45617
23,0.15,theta,1086,-0.555053,-0.186072,0.5125
23,0.15,theta,1087,-1.629631,-0.825784,0.519934
23,0.15,theta,1088,-0.782236,-0.763788,0.477692
23,0.15,theta,1089,0.32338,0.622018,0.499668
23,0.15,theta,1090,-1.510959,-1.7238,0.494574
23,0.15,theta,1091,1.082837,0.992871,0.531418
23,0.15,theta,1092,1.526701,1.44621,0.57175
23,0.15,theta,1093,0.436867,-0.340022,0.462042
23,0.15,theta,1094,-1.519566,-1.25179,0.506467
23,0.15,theta,1095,0.171316,-0.507533,0.465234
23,0.15,theta,1096,1.431057,1.25239,0.544198
23,0.15,theta,1097,-0.531248,-0.092274,0.499174
23,0.15,theta,1098,0.537723,-0.359067,0.440097
23,0.15,theta,1099,-0.162532,-0.340304,0.459761
23,0.15,theta,1100,-0.654773,-0.875559,0.49217
23,0.15,theta,1101,1.197026,1.124425,0.538278
23,0.15,theta,1102,-1.658912,-2.14055,0.496355
23,0.15,theta,1103,-0.857318,0.213572,0.502591
23,0.15,theta,1104,-0.176162,-0.994422,0.459071
23,0.15,theta,1105,0.209505,-0.234449,0.475828
23,0.15,theta,1106,0.434409,0.666747,0.523681
23,0.15,theta,1107,1.470352,1.53952,0.557157
23,0.15,theta,1108,-0.060064,0.249918,0.500711
23,0.15,theta,1109,-0.44713,-1.387835,0.458058
23,0.15,theta,1110,0.161183,0.41005,0.510333
23,0.15,theta,1111,0.945834,0.503913,0.500941
23,0.15,theta,1112,0.085118,0.550248,0.51806
23,0.15,theta,1113,1.175562,0.912692,0.509395
23,0.15,theta,1114,-0.081718,-0.265164,0.481651
23,0.15,theta,1115,-0.822793,-0.760186,0.44153
23,0.15,theta,1116,1.403186,0.664161,0.534405
23,0.15,theta,1117,0.753661,0.513502,0.529533
23,0.15,theta,1118,-0.324446,0.583135,0.525547
23,0.15,theta,1119,0.883937,1.43869,0.569724
23,0.15,theta,1120,-1.403441,-0.917626,0.431618
23,0.15,theta,1121,-0.497866,-0.351466,0.461047
23,0.15,theta,1122,-0.819335,-1.125875,0.4628
23,0.15,theta,1123,1.799664,1.07584,0.56168
23,0.15,theta,1124,1.098451,1.00022,0.518734
23,0.15,theta,1125,-0.624809,0.252912,0.505006
23,0.15,theta,1126,0.456766,0.018243,0.479222
23,0.15,theta,1127,0.575889,0.628148,0.494718
23,0.15,theta,1128,0.406941,-0.076581,0.469804
23,0.15,theta,1129,-0.703902,-0.258546,0.456181
23,0.15,theta,1130,-0.572139,-0.168553,0.45369
23,0.15,theta,1131,-0.87644,-0.622422,0.449659
23,0.15,theta,1132,1.513368,1.03517,0.538365
23,0.15,theta,1133,-0.595389,-0.98213,0.467842
23,0.15,theta,1134,-2.086167,-1.93598,0.481189
23,0.15,theta,1135,0.33637,0.747636,0.529236
23,0.15,theta,1136,-0.547223,0.128869,0.485086
23,0.15,theta,1137,0.004705,0.889665,0.532315
23,0.15,theta,1138,0.57682,0.708618,0.540904
23,0.15,theta,1139,1.132,1.49965,0.552023
23,0.15,theta,1140,-1.020151,-0.62416,0.487144
23,0.15,theta,1141,-1.914887,-1.650125,0.480934
23,0.15,theta,1142,0.929844,0.956243,0.528395
23,0.15,theta,1143,2.147601,1.527675,0.575305
23,0.15,theta,1144,0.800569,0.72859,0.510271
23,0.15,theta,1145,0.316473,-0.191759,0.502838
23,0.15,theta,1146,0.774008,0.42324,0.497222
23,0.15,theta,1147,1.069904,0.622957,0.505902
23,0.15,theta,1148,0.052329,0.028274,0.463607
23,0.15,theta,1149,0.688787,0.368782,0.517989
23,0.15,theta,1150,-0.538775,-0.483168,0.462314
23,0.15,theta,1151,1.309684,1.171945,0.552842
23,0.15,theta,1152,-1.416816,-0.964766,0.487241
23,0.15,theta,1153,1.193889,1.23056,0.543483
23,0.15,theta,1154,0.657928,1.056515,0.52779
23,0.15,theta,1155,1.446321,1.192745,0.549445
23,0.15,theta,1156,-0.439478,-0.572673,0.414067
23,0.15,theta,1157,-0.518203,-0.461336,0.482251
23,0.15,theta,1158,1.270475,1.2136,0.574444
23,0.15,theta,1159,-1.666464,-0.90521,0.451909
23,0.15,theta,1160,0.150966,-0.334677,0.425719
23,0.15,theta,1161,0.430079,0.012417,0.525295
23,0.15,theta,1162,0.483715,1.10388,0.516811
23,0.15,theta,1163,-0.002311,-0.440488,0.519689
23,0.15,theta,1164,1.973758,1.93532,0.57908
23,0.15,theta,1165,0.536587,0.825305,0.541807
23,0.15,theta,1166,-0.573197,-0.513769,0.47696
23,0.15,theta,1167,1.140671,0.659886,0.521752
23,0.15,theta,1168,-0.207822,-0.29497,0.487852
23,0.15,theta,1169,-0.005152,0.560101,0.541945
23,0.15,theta,1170,0.338045,-0.374984,0.491129
23,0.15,theta,1171,0.362117,0.050104,0.442088
23,0.15,theta,1172,0.971424,0.657291,0.533712
23,0.15,theta,1173,-0.970472,-0.125006,0.493606
23,0.15,theta,1174,-0.517233,-0.504228,0.478591
23,0.15,theta,1175,1.578524,1.08401,0.581991
23,0.15,theta,1176,0.003457,0.154451,0.513764
23,0.15,theta,1177,-0.152839,-0.347483,0.456398
23,0.15,theta,1178,-0.211652,-0.283488,0.488127
23,0.15,theta,1179,-0.038808,0.396294,0.489915
23,0.15,theta,1180,-0.273377,0.283362,0.496245
23,0.15,theta,1181,-0.969503,-1.623055,0.483869
23,0.15,theta,1182,-0.317318,-0.824986,0.447393
23,0.15,theta,1183,0.645074,0.979936,0.518751
23,0.15,theta,1184,-1.972852,-0.712111,0.471613
23,0.15,theta,1185,0.114024,-0.27641,0.466833
23,0.15,theta,1186,-0.715961,0.23181,0.488816
23,0.15,theta,1187,0.367482,0.216678,0.470964
23,0.15,theta,1188,2.24769,1.59843,0.574724
23,0.15,theta,1189,-0.168137,-0.348447,0.494793
23,0.15,theta,1190,0.15878,0.560979,0.503739
23,0.15,theta,1191,-0.504687,0.133142,0.53781
23,0.15,theta,1192,1.781394,1.119055,0.549648
23,0.15,theta,1193,0.301621,-1.22831,0.474363
23,0.15,theta,1194,-0.212382,0.206471,0.48947
23,0.15,theta,1195,-0.361688,-1.431595,0.513236
23,0.15,theta,1196,0.329936,0.263238,0.504532
23,0.15,theta,1197,0.145751,-0.873308,0.472531
23,0.15,theta,1198,1.664383,0.763526,0.52393
23,0.15,theta,1199,-0.941087,-0.27619,0.499273
23,0.15,theta,1200,0.088469,-0.584516,0.453439
23,0.15,theta,1201,-1.368655,-1.173695,0.458251
23,0.15,theta,1202,-0.642733,-0.426591,0.477936
23,0.15,theta,1203,0.441496,0.418884,0.519765
23,0.15,theta,1204,-0.552596,-1.16892,0.495356
23,0.15,theta,1205,0.121288,-0.265789,0.469251
23,0.15,theta,1206,0.258186,-0.527274,0.444837
23,0.15,theta,1207,0.006451,-0.616891,0.459244
23,0.15,theta,1208,1.261388,1.042005,0.529553
23,0.15,theta,1209,0.407975,0.581722,0.527818
23,0.15,theta,1210,0.636315,0.646158,0.561431
23,0.15,theta,1211,-0.141092,-0.879746,0.47851
23,0.15,theta,1212,-0.064929,-1.122425,0.460003
23,0.15,theta,1213,-0.563537,-0.109748,0.475244
23,0.15,theta,1214,0.43601,0.704153,0.550308
23,0.15,theta,1215,-0.014799,-0.297535,0.476637
23,0.15,theta,1216,3.938067,2.98678,0.639207
23,0.15,theta,1217,-0.61029,0.165745,0.480892
23,0.15,theta,1218,-0.353656,0.034617,0.456894
23,0.15,theta,1219,0.008723,0.249738,0.478699
23,0.15,theta,1220,-1.215312,-1.094285,0.491721
23,0.15,theta,1221,-0.240789,0.607398,0.482556
23,0.15,theta,1222,-0.669963,-0.63823,0.473212
23,0.15,theta,1223,-1.470456,-1.218975,0.440666
23,0.15,theta,1224,0.721932,0.409926,0.547978
23,0.15,theta,1225,0.262464,0.431343,0.512939
23,0.15,theta,1226,0.268656,0.126028,0.455889
23,0.15,theta,1227,-1.688696,-0.688561,0.496678
23,0.15,theta,1228,-0.525232,-1.444955,0.476996
23,0.15,theta,1229,-0.173038,0.08347,0.513327
23,0.15,theta,1230,-0.104627,0.194666,0.490948
23,0.15,theta,1231,-1.445009,-1.52174,0.445532
23,0.15,theta,1232,0.228416,0.130506,0.485934
23,0.15,theta,1233,0.798338,0.675731,0.500765
23,0.15,theta,1234,-1.204331,-1.52667,0.476121
23,0.15,theta,1235,0.798873,0.239411,0.492466
23,0.15,theta,1236,-1.778021,-1.49409,0.491825
23,0.15,theta,1237,0.750615,0.665736,0.489714
23,0.15,theta,1238,-1.114488,-1.15131,0.479021
23,0.15,theta,1239,-0.611295,-0.527626,0.448724
23,0.15,theta,1240,-0.579129,-1.06291,0.485626
23,0.15,theta,1241,-0.456592,-0.223944,0.457626
23,0.15,theta,1242,-0.537533,-0.028621,0.474253
23,0.15,theta,1243,1.214828,0.786411,0.537712
23,0.15,theta,1244,0.825712,0.126918,0.491872
23,0.15,theta,1245,1.304483,0.871086,0.536047
23,0.15,theta,1246,0.456567,-0.429312,0.459226
23,0.15,theta,1247,-1.170702,-1.095325,0.476295
23,0.15,theta,1248,-0.162556,-1.413955,0.471628
23,0.15,theta,1249,-2.164769,-0.966338,0.470724
23,0.15,theta,1250,1.044093,0.631593,0.510314
23,0.15,theta,1251,0.011905,0.239466,0.490929
23,0.15,theta,1252,1.621897,1.7029,0.574996
23,0.15,theta,1253,-0.341624,0.6567,0.545586
23,0.15,theta,1254,0.46136,0.059905,0.452892
23,0.15,theta,1255,-0.93921,0.11674,0.546697
23,0.15,theta,1256,1.853886,0.947717,0.541905
23,0.15,theta,1257,-0.146396,-0.097693,0.522493
23,0.15,theta,1258,1.477051,1.113615,0.547346
23,0.15,theta,1259,0.260686,0.628246,0.527846
23,0.15,theta,1260,0.156608,0.520028,0.533223
23,0.15,theta,1261,-0.296932,-0.443367,0.458845
23,0.15,theta,1262,0.547452,0.509235,0.493493
23,0.15,theta,1263,-1.253463,-1.348865,0.482595
23,0.15,theta,1264,-0.186928,-0.618238,0.458376
23,0.15,theta,1265,-0.543557,0.322371,0.489542
23,0.15,theta,1266,1.48089,1.331025,0.56825
23,0.15,theta,1267,-0.460019,-0.349418,0.479652
23,0.15,theta,1268,0.437569,0.49815,0.547822
23,0.15,theta,1269,-0.748623,-0.66321,0.46845
23,0.15,theta,1270,-0.806631,-0.830307,0.432076
23,0.15,theta,1271,0.095457,-0.303799,0.473148
23,0.15,theta,1272,-0.628357,-0.868172,0.48542
23,0.15,theta,1273,0.354246,0.187892,0.532273
23,0.15,theta,1274,-1.707203,-1.271245,0.475772
23,0.15,theta,1275,-0.425158,-0.940736,0.474177
23,0.15,theta,1276,1.046377,1.25645,0.523331
23,0.15,theta,1277,-1.27685,-1.63697,0.485824
23,0.15,theta,1278,1.759827,1.44049,0.571349
23,0.15,theta,1279,0.198842,0.641098,0.505189
23,0.15,theta,1280,0.297386,-0.082755,0.514882
23,0.15,theta,1281,2.034318,1.101305,0.55408
23,0.15,theta,1282,1.025331,0.845456,0.512618
23,0.15,theta,1283,-0.560937,-0.820326,0.469688
23,0.15,theta,1284,0.803133,0.983086,0.553041
23,0.15,theta,1285,0.356331,0.740748,0.51829
23,0.15,theta,1286,0.320223,0.325552,0.520266
23,0.15,theta,1287,-1.607101,-1.52874,0.480576
23,0.15,theta,1288,-0.365991,-0.165882,0.502853
23,0.15,theta,1289,0.335877,0.24769,0.496964
23,0.15,theta,1290,-0.306975,0.206298,0.482247
23,0.15,theta,1291,-0.513906,-0.756694,0.467169
23,0.15,theta,1292,-1.925499,-1.54235,0.470793
23,0.15,theta,1293,0.512746,0.408909,0.498841
23,0.15,theta,1294,0.873359,0.935354,0.535021
23,0.15,theta,1295,0.011421,0.521562,0.51383
23,0.15,theta,1296,-1.102038,-1.01902,0.49967
23,0.15,theta,1297,0.171444,-0.538352,0.436007
23,0.15,theta,1298,-0.903932,-1.0985,0.432819
23,0.15,theta,1299,1.040821,1.302855,0.54249
23,0.15,theta,1300,3.055944,2.150625,0.599625
23,0.15,theta,1301,-0.067366,0.348406,0.489284
23,0.15,theta,1302,-0.636043,-0.958451,0.417446
23,0.15,theta,1303,-0.602126,-0.311392,0.47633
23,0.15,theta,1304,-1.912936,-1.69843,0.501281
23,0.15,theta,1305,0.179869,-0.321183,0.491172
23,0.15,theta,1306,-1.187843,-1.311995,0.449228
23,0.15,theta,1307,-1.805396,-1.95208,0.483035
23,0.15,theta,1308,0.563165,0.495532,0.509917
23,0.15,theta,1309,0.733805,0.303978,0.478644
23,0.15,theta,1310,0.29264,0.347397,0.482656
23,0.15,theta,1311,0.92518,1.089835,0.542529
23,0.15,theta,1312,-0.140545,0.006994,0.44704
23,0.15,theta,1313,-0.411551,0.078855,0.480438
23,0.15,theta,1314,-1.235577,-0.928236,0.433918
23,0.15,theta,1315,-0.902346,-1.23715,0.46968
23,0.15,theta,1316,0.600311,0.49391,0.514303
23,0.15,theta,1317,0.533156,-0.847302,0.474176
23,0.15,theta,1318,0.112241,-0.231672,0.482326
23,0.15,theta,1319,2.414064,1.79207,0.588236
23,0.15,theta,1320,-1.332585,-0.778945,0.443212
23,0.15,theta,1321,0.205709,0.039634,0.494634
23,0.15,theta,1322,-0.906454,-0.482954,0.483693
23,0.15,theta,1323,-0.176359,0.521624,0.505721
23,0.15,theta,1324,-0.902961,-0.914208,0.430486
23,0.15,theta,1325,-1.221244,-0.032462,0.494056
23,0.15,theta,1326,0.014317,0.322228,0.524948
23,0.15,theta,1327,1.139389,0.861346,0.509977
23,0.15,theta,1328,1.739546,0.401336,0.513344
23,0.15,theta,1329,-0.798228,-1.500585,0.462844
23,0.15,theta,1330,0.279733,1.13568,0.534809
23,0.15,theta,1331,-1.512557,-1.07014,0.476436
23,0.15,theta,1332,-0.063955,0.329266,0.538815
23,0.15,theta,1333,0.182855,0.729013,0.534558
23,0.15,theta,1334,-0.638738,-0.869114,0.495229
23,0.15,theta,1335,1.726754,1.38628,0.579464
23,0.15,theta,1336,-0.26384,0.487727,0.493897
23,0.15,theta,1337,0.176114,-0.034093,0.533396
23,0.15,theta,1338,-1.205469,-0.292118,0.480253
23,0.15,theta,1339,0.124845,-0.651333,0.5266
23,0.15,theta,1340,1.407588,0.912976,0.541425
23,0.15,theta,1341,0.526994,0.158093,0.479881
23,0.15,theta,1342,-0.922969,-1.079,0.418573
23,0.15,theta,1343,0.082293,-0.010465,0.500133
23,0.15,theta,1344,1.928634,1.18241,0.562495
23,0.15,theta,1345,0.194695,0.135816,0.501542
23,0.15,theta,1346,-0.514088,-0.047792,0.483194
23,0.15,theta,1347,-0.869377,0.221646,0.447277
23,0.15,theta,1348,-1.393378,-1.38324,0.486727
23,0.15,theta,1349,0.290089,-0.08746,0.47545
23,0.15,theta,1350,-0.371708,-0.14018,0.503675
23,0.15,theta,1351,-0.845685,-0.472895,0.480194
23,0.15,theta,1352,-2.267001,-1.42056,0.481316
23,0.15,theta,1353,0.073017,-0.28582,0.471353
23,0.15,theta,1354,2.137089,1.667425,0.579346
23,0.15,theta,1355,-1.439651,-0.94278,0.474731
23,0.15,theta,1356,0.737591,0.044864,0.507848
23,0.15,theta,1357,-0.341602,-0.537696,0.445321
23,0.15,theta,1358,1.004964,0.618413,0.508589
23,0.15,theta,1359,0.96905,1.088655,0.527095
23,0.15,theta,1360,-1.185528,-0.93274,0.453833
23,0.15,theta,1361,1.514031,1.367905,0.520296
23,0.15,theta,1362,-1.486593,-1.883275,0.505138
23,0.15,theta,1363,-0.765213,-0.599624,0.507029
23,0.15,theta,1364,-0.493342,-0.350358,0.452007
23,0.15,theta,1365,0.547217,0.194117,0.49347
23,0.15,theta,1366,-2.047697,-0.889652,0.478598
23,0.15,theta,1367,-2.439135,-0.643698,0.459264
23,0.15,theta,1368,-0.421298,-0.599141,0.438661
23,0.15,theta,1369,-0.052239,0.795192,0.522931
23,0.15,theta,1370,-1.081323,-0.045502,0.500158
23,0.15,theta,1371,1.120089,2.08341,0.599625
23,0.15,theta,1372,0.243907,0.079254,0.491409
23,0.15,theta,1373,-0.770066,-0.615391,0.462261
23,0.15,theta,1374,1.345346,1.12727,0.57061
23,0.15,theta,1375,-0.988024,-0.256244,0.475306
23,0.15,theta,1376,-0.584979,-0.418825,0.482178
23,0.15,theta,1377,-0.297105,-0.093011,0.478227
23,0.15,theta,1378,0.529579,0.945058,0.546762
23,0.15,theta,1379,1.173565,0.962642,0.558214
23,0.15,theta,1380,0.946134,0.260344,0.520125
23,0.15,theta,1381,-1.641249,-0.849882,0.478519
23,0.15,theta,1382,-0.645768,-0.281626,0.458622
23,0.15,theta,1383,-0.20035,-0.000834,0.493877
23,0.15,theta,1384,-0.365523,-0.705674,0.431848
23,0.15,theta,1385,-0.289234,0.091283,0.468397
23,0.15,theta,1386,-0.690161,0.117826,0.508779
23,0.15,theta,1387,-0.013005,-0.186743,0.471033
23,0.15,theta,1388,0.493197,0.68407,0.504685
23,0.15,theta,1389,-1.350215,-2.21425,0.516896
23,0.15,theta,1390,-0.190849,-0.050727,0.467145
23,0.15,theta,1391,1.8871,1.92838,0.592149
23,0.15,theta,1392,0.006719,0.61002,0.548079
23,0.15,theta,1393,-0.247532,0.450738,0.51631
23,0.15,theta,1394,0.701027,0.219478,0.51123
23,0.15,theta,1395,-0.482499,-1.01744,0.45258
23,0.15,theta,1396,1.131483,1.837365,0.582337
23,0.15,theta,1397,-1.578966,-1.83218,0.486326
23,0.15,theta,1398,-0.180381,-0.174582,0.459488
23,0.15,theta,1399,0.92882,0.706739,0.515028
23,0.15,theta,1400,-0.93416,-0.57114,0.446854
23,0.15,theta,1401,-1.360787,-0.587456,0.449658
23,0.15,theta,1402,-0.794677,-0.804881,0.464957
23,0.15,theta,1403,0.182732,0.316613,0.511192
23,0.15,theta,1404,-0.362791,-0.656734,0.496308
23,0.15,theta,1405,-0.747645,-0.009224,0.541211
23,0.15,theta,1406,0.503337,-0.185115,0.522661
23,0.15,theta,1407,2.032146,1.17574,0.547855
23,0.15,theta,1408,-0.339494,-0.944448,0.436107
23,0.15,theta,1409,-0.626202,-0.667128,0.44277
23,0.15,theta,1410,0.341158,0.050384,0.437344
23,0.15,theta,1411,-3.963862,-1.423675,0.484822
23,0.15,theta,1412,0.283903,0.612444,0.505231
23,0.15,theta,1413,0.821869,0.735266,0.520556
23,0.15,theta,1414,0.758059,0.223928,0.492835
23,0.15,theta,1415,-1.103365,-1.50694,0.445177
23,0.15,theta,1416,-0.328967,-1.081415,0.472535
23,0.15,theta,1417,0.10136,-0.532884,0.451543
23,0.15,theta,1418,-0.735063,-0.559608,0.435186
23,0.15,theta,1419,-0.875688,-1.04639,0.445967
23,0.15,theta,1420,0.253897,-0.34386,0.467208
23,0.15,theta,1421,-0.618795,-0.441838,0.471352
23,0.15,theta,1422,-0.572222,-1.35198,0.461424
23,0.15,theta,1423,0.249836,0.3159,0.483491
23,0.15,theta,1424,-1.282536,-1.33455,0.482816
23,0.15,theta,1425,0.903215,0.649526,0.533549
23,0.15,theta,1426,0.47204,-0.137022,0.476433
23,0.15,theta,1427,-0.585091,-0.958575,0.424224
23,0.15,theta,1428,0.718193,0.724973,0.508563
23,0.15,theta,1429,0.509481,0.371776,0.489456
23,0.15,theta,1430,-0.739819,-0.886131,0.44494
23,0.15,theta,1431,0.133159,-0.230836,0.4338
23,0.15,theta,1432,-0.077695,-0.249434,0.490451
23,0.15,theta,1433,0.922954,0.040188,0.508992
23,0.15,theta,1434,0.860381,0.15095,0.524618
23,0.15,theta,1435,0.258368,0.609242,0.514796
23,0.15,theta,1436,0.625156,0.89922,0.498151
23,0.15,theta,1437,-1.686001,-1.23496,0.464435
23,0.15,theta,1438,-1.009815,-1.296585,0.500599
23,0.15,theta,1439,-0.304919,-0.214646,0.496685
23,0.15,theta,1440,0.260593,0.022742,0.490763
23,0.15,theta,1441,0.69737,0.527435,0.512421
23,0.15,theta,1442,0.997102,1.019615,0.531235
23,0.15,theta,1443,-0.740014,-0.519438,0.451629
23,0.15,theta,1444,-0.1609,0.107362,0.500805
23,0.15,theta,1445,0.283005,0.263126,0.482022
23,0.15,theta,1446,-1.025065,-0.675744,0.464997
23,0.15,theta,1447,0.699537,0.579161,0.494347
23,0.15,theta,1448,1.46411,1.196065,0.564131
23,0.15,theta,1449,-0.208773,0.338064,0.551495
23,0.15,theta,1450,0.121075,-0.255832,0.482106
23,0.15,theta,1451,2.274646,1.734145,0.579189
23,0.15,theta,1452,-0.270607,-0.232893,0.455942
23,0.15,theta,1453,-0.230036,-0.598016,0.429425
23,0.15,theta,1454,-0.124893,-0.558,0.473351
23,0.15,theta,1455,-2.060441,-2.263555,0.52423
23,0.15,theta,1456,1.363254,1.33916,0.542717
23,0.15,theta,1457,2.04593,1.43959,0.589589
23,0.15,theta,1458,0.800624,0.693486,0.51265
23,0.15,theta,1459,1.680313,0.50713,0.463516
23,0.15,theta,1460,-0.6778,-0.605512,0.460855
23,0.15,theta,1461,0.979393,0.946614,0.523776
23,0.15,theta,1462,0.673643,0.457878,0.499502
23,0.15,theta,1463,-0.352056,-0.786026,0.439357
23,0.15,theta,1464,0.892349,0.9317,0.525958
23,0.15,theta,1465,0.175855,0.100335,0.442566
23,0.15,theta,1466,0.243724,-0.29644,0.488173
23,0.15,theta,1467,0.528921,0.302763,0.510334
23,0.15,theta,1468,0.327624,0.6192,0.523897
23,0.15,theta,1469,-0.08381,-0.523619,0.494394
23,0.15,theta,1470,1.300356,0.833978,0.530825
23,0.15,theta,1471,-2.05031,-2.339725,0.511905
23,0.15,theta,1472,0.21923,-0.406326,0.484923
23,0.15,theta,1473,-0.259374,0.282508,0.499088
23,0.15,theta,1474,1.278365,1.00312,0.570852
23,0.15,theta,1475,-0.057975,0.338206,0.466457
23,0.15,theta,1476,-2.649417,-2.300525,0.505576
23,0.15,theta,1477,-0.176423,-0.532128,0.470201
23,0.15,theta,1478,1.020811,1.73552,0.578347
23,0.15,theta,1479,1.069396,0.587368,0.519516
23,0.15,theta,1480,1.695473,2.03477,0.598451
23,0.15,theta,1481,-0.290633,-0.055394,0.513512
23,0.15,theta,1482,-0.012903,-0.756941,0.486806
23,0.15,theta,1483,0.208154,-0.161778,0.484584
23,0.15,theta,1484,-1.833625,-2.230155,0.532949
23,0.15,theta,1485,0.069478,-0.407216,0.456545
23,0.15,theta,1486,1.061302,0.977986,0.52292
23,0.15,theta,1487,-0.3325,-0.692266,0.427398
23,0.15,theta,1488,0.894817,0.550892,0.541648
23,0.15,theta,1489,-0.453862,-0.076845,0.47179
23,0.15,theta,1490,-0.475172,-0.65984,0.451234
23,0.15,theta,1491,1.098362,0.50829,0.493987
23,0.15,theta,1492,-0.482062,-0.209572,0.493862
23,0.15,theta,1493,-0.717339,-0.80644,0.451274
23,0.15,theta,1494,1.535369,1.09936,0.5557
23,0.15,theta,1495,0.304765,0.111856,0.507325
23,0.15,theta,1496,0.347127,0.138942,0.480104
23,0.15,theta,1497,1.641315,1.04289,0.530339
23,0.15,theta,1498,-1.787803,-1.34393,0.48155
23,0.15,theta,1499,2.123009,1.562635,0.574258
23,0.15,theta,1500,1.279375,1.402075,0.559683
23,0.15,beta,1,-1.872214,-1.77664,0.217796
23,0.15,beta,2,-1.859928,-2.164475,0.232959
23,0.15,beta,3,-1.83805,-2.18376,0.228101
23,0.15,beta,4,-1.562529,-1.868295,0.218353
23,0.15,beta,5,-1.553881,-1.988675,0.218059
23,0.15,beta,6,-1.548193,-1.919595,0.21773
23,0.15,beta,7,-1.52648,-1.67122,0.202599
23,0.15,beta,8,-1.505006,-1.747375,0.188821
23,0.15,beta,9,-1.4898,-2.02309,0.210119
23,0.15,beta,10,-1.393686,-1.547765,0.180587
23,0.15,beta,11,-1.368873,-1.4982,0.207415
23,0.15,beta,12,-1.259741,-1.735935,0.183701
23,0.15,beta,13,-1.220337,-1.871895,0.221771
23,0.15,beta,14,-1.208438,-1.260605,0.168552
23,0.15,beta,15,-1.166284,-1.407215,0.190309
23,0.15,beta,16,-1.149247,-1.621545,0.205283
23,0.15,beta,17,-1.135075,-1.32888,0.197783
23,0.15,beta,18,-1.117165,-1.239905,0.191367
23,0.15,beta,19,-1.073802,-1.442505,0.196202
23,0.15,beta,20,-1.042581,-1.36003,0.169704
23,0.15,beta,21,-1.022378,-1.590645,0.193296
23,0.15,beta,22,-1.015617,-1.442415,0.180751
23,0.15,beta,23,-1.013966,-1.50991,0.195302
23,0.15,beta,24,-0.96424,-1.335555,0.192535
23,0.15,beta,25,-0.928886,-1.033085,0.165499
23,0.15,beta,26,-0.89055,-1.590905,0.188747
23,0.15,beta,27,-0.880016,-1.326525,0.172026
23,0.15,beta,28,-0.878109,-1.743135,0.219959
23,0.15,beta,29,-0.861118,-1.048985,0.160892
23,0.15,beta,30,-0.787947,-1.133215,0.196758
23,0.15,beta,31,-0.780131,-1.371415,0.199184
23,0.15,beta,32,-0.772736,-1.312575,0.179863
23,0.15,beta,33,-0.74835,-1.026145,0.17618
23,0.15,beta,34,-0.713611,-1.17838,0.181584
23,0.15,beta,35,-0.671068,-1.119595,0.170759
23,0.15,beta,36,-0.663356,-1.06706,0.17343
23,0.15,beta,37,-0.658493,-1.16989,0.160723
23,0.15,beta,38,-0.65633,-1.440645,0.191977
23,0.15,beta,39,-0.587338,-0.987358,0.167313
23,0.15,beta,40,-0.580675,-0.841787,0.168241
23,0.15,beta,41,-0.572277,-1.15479,0.164302
23,0.15,beta,42,-0.549767,-1.008555,0.166003
23,0.15,beta,43,-0.549612,-1.074505,0.165154
23,0.15,beta,44,-0.529684,-1.27638,0.167555
23,0.15,beta,45,-0.518415,-1.15981,0.188861
23,0.15,beta,46,-0.501442,-0.867699,0.178413
23,0.15,beta,47,-0.501429,-1.062455,0.198004
23,0.15,beta,48,-0.497251,-1.124275,0.184286
23,0.15,beta,49,-0.457552,-1.376015,0.180472
23,0.15,beta,50,-0.425331,-0.782949,0.160897
23,0.15,beta,51,-0.385308,-0.908699,0.166273
23,0.15,beta,52,-0.356405,-0.879258,0.150158
23,0.15,beta,53,-0.355496,-0.81933,0.159499
23,0.15,beta,54,-0.333607,-0.882747,0.160272
23,0.15,beta,55,-0.302633,-1.061595,0.204717
23,0.15,beta,56,-0.287038,-1.068755,0.15822
23,0.15,beta,57,-0.283479,-0.994409,0.186218
23,0.15,beta,58,-0.26118,-0.592921,0.155804
23,0.15,beta,59,-0.258938,-0.735438,0.166113
23,0.15,beta,60,-0.254047,-0.868609,0.217478
23,0.15,beta,61,-0.234845,-1.153095,0.185832
23,0.15,beta,62,-0.225052,-0.639173,0.160418
23,0.15,beta,63,-0.214757,-1.048675,0.163047
23,0.15,beta,64,-0.212701,-0.43986,0.14966
23,0.15,beta,65,-0.208436,-1.12924,0.204132
23,0.15,beta,66,-0.199664,-0.699334,0.156188
23,0.15,beta,67,-0.173477,-0.586353,0.178774
23,0.15,beta,68,-0.166573,-1.03041,0.187906
23,0.15,beta,69,-0.143474,-0.587539,0.154353
23,0.15,beta,70,-0.128811,-0.714616,0.168749
23,0.15,beta,71,-0.126502,-0.992832,0.192343
23,0.15,beta,72,-0.109546,-0.61407,0.144687
23,0.15,beta,73,-0.09011,-0.766654,0.18339
23,0.15,beta,74,-0.069634,-0.44661,0.150187
23,0.15,beta,75,-0.062695,-0.726288,0.150578
23,0.15,beta,76,-0.061496,-0.82488,0.168058
23,0.15,beta,77,-0.056473,-0.546922,0.157229
23,0.15,beta,78,-0.020113,-0.703948,0.162347
23,0.15,beta,79,-0.002142,-0.907603,0.175624
23,0.15,beta,80,0.050135,-0.85954,0.202231
23,0.15,beta,81,0.074489,-0.316122,0.156372
23,0.15,beta,82,0.112377,-0.462712,0.165868
23,0.15,beta,83,0.115293,-0.866563,0.174956
23,0.15,beta,84,0.132256,-0.52948,0.156333
23,0.15,beta,85,0.186963,-0.319124,0.13781
23,0.15,beta,86,0.193027,-0.497922,0.15603
23,0.15,beta,87,0.334716,-0.414124,0.15378
23,0.15,beta,88,0.409741,-0.22063,0.140485
23,0.15,beta,89,0.410888,-0.73168,0.168853
23,0.15,beta,90,0.412883,-0.181563,0.148047
23,0.15,beta,91,0.434151,-0.3711,0.149857
23,0.15,beta,92,0.449334,-0.521246,0.180752
23,0.15,beta,93,0.460855,-0.265864,0.141352
23,0.15,beta,94,0.485082,-0.350711,0.160673
23,0.15,beta,95,0.487374,-0.521503,0.153897
23,0.15,beta,96,0.570937,-0.321958,0.147901
23,0.15,beta,97,0.615765,-0.230019,0.146859
23,0.15,beta,98,0.621299,-0.31366,0.159563
23,0.15,beta,99,0.628461,-0.203175,0.157232
23,0.15,beta,100,0.631984,-0.280245,0.143272
23,0.15,beta,101,0.666804,-0.319882,0.142535
23,0.15,beta,102,0.687088,0.019577,0.152079
23,0.15,beta,103,0.740495,-0.107875,0.167724
23,0.15,beta,104,0.744856,-0.203253,0.15861
23,0.15,beta,105,0.760906,-0.097305,0.145223
23,0.15,beta,106,0.76236,-0.168954,0.144734
23,0.15,beta,107,0.802052,-0.254201,0.168883
23,0.15,beta,108,0.805184,-0.196945,0.15005
23,0.15,beta,109,0.814335,0.22899,0.150433
23,0.15,beta,110,0.843496,-0.002001,0.150951
23,0.15,beta,111,0.87108,0.036154,0.147312
23,0.15,beta,112,0.884755,-0.212713,0.143597
23,0.15,beta,113,0.917303,-0.215432,0.145581
23,0.15,beta,114,0.964925,0.107522,0.157592
23,0.15,beta,115,1.016995,0.211408,0.14934
23,0.15,beta,116,1.024499,0.148594,0.147758
23,0.15,beta,117,1.090939,-0.048178,0.144858
23,0.15,beta,118,1.118573,0.045851,0.1401
23,0.15,beta,119,1.123984,0.06707,0.146804
23,0.15,beta,120,1.212238,-0.048123,0.147957
23,0.15,beta,121,1.299428,0.30474,0.140796
23,0.15,beta,122,1.401755,0.340959,0.148061
23,0.15,beta,123,1.66222,0.360218,0.148641
23,0.15,beta,124,1.672906,0.427257,0.14347
23,0.15,beta,125,1.825544,0.304186,0.153926
23,0.15,beta,126,2.575553,0.905086,0.154898
23,0.15,beta,127,2.831846,0.225023,0.148203
23,0.15,beta,128,3.148176,1.215895,0.178944
23,0.15,alpha,1,1.768037,1.037185,0.250239
23,0.15,alpha,2,0.901819,0.903033,0.239775
23,0.15,alpha,3,0.809881,0.942764,0.224055
23,0.15,alpha,4,0.710207,0.991796,0.223415
23,0.15,alpha,5,0.502325,0.742115,0.204029
23,0.15,alpha,6,0.819037,0.941218,0.251736
23,0.15,alpha,7,1.621853,1.07345,0.240992
23,0.15,alpha,8,0.705357,0.649814,0.173372
23,0.15,alpha,9,0.381674,0.743851,0.192104
23,0.15,alpha,10,0.805056,0.650436,0.173451
23,0.15,alpha,11,1.566276,1.172115,0.277702
23,0.15,alpha,12,0.465535,0.624182,0.172982
23,0.15,alpha,13,1.050524,1.069555,0.265075
23,0.15,alpha,14,0.882564,0.480274,0.129364
23,0.15,alpha,15,1.81373,0.90929,0.22948
23,0.15,alpha,16,0.947366,0.714456,0.191095
23,0.15,alpha,17,1.370423,1.141165,0.256237
23,0.15,alpha,18,1.949386,1.30568,0.257331
23,0.15,alpha,19,0.859346,0.836048,0.20329
23,0.15,alpha,20,0.487207,0.451272,0.129901
23,0.15,alpha,21,0.700521,0.800603,0.203673
23,0.15,alpha,22,0.526253,0.601021,0.168457
23,0.15,alpha,23,1.173285,0.893392,0.233531
23,0.15,alpha,24,1.513801,1.1341,0.247292
23,0.15,alpha,25,1.055579,0.800172,0.195172
23,0.15,alpha,26,0.88577,0.918212,0.217236
23,0.15,alpha,27,0.359587,0.58181,0.153111
23,0.15,alpha,28,1.40148,1.20017,0.255817
23,0.15,alpha,29,1.604324,0.751796,0.182168
23,0.15,alpha,30,1.981928,1.300125,0.279186
23,0.15,alpha,31,0.955094,0.722921,0.193108
23,0.15,alpha,32,0.485132,0.64385,0.172951
23,0.15,alpha,33,1.397108,0.864778,0.214594
23,0.15,alpha,34,1.281313,1.216605,0.259046
23,0.15,alpha,35,1.282635,0.680346,0.177712
23,0.15,alpha,36,1.225233,0.829368,0.20504
23,0.15,alpha,37,0.612647,0.624513,0.154952
23,0.15,alpha,38,1.142915,0.82729,0.205107
23,0.15,alpha,39,1.094304,0.839617,0.198126
23,0.15,alpha,40,1.541153,0.89187,0.204948
23,0.15,alpha,41,0.951803,0.641906,0.156583
23,0.15,alpha,42,0.972503,0.56481,0.149397
23,0.15,alpha,43,0.74367,0.73618,0.187041
23,0.15,alpha,44,0.532541,0.595548,0.156913
23,0.15,alpha,45,1.709261,1.064815,0.240356
23,0.15,alpha,46,3.222237,1.371485,0.293717
23,0.15,alpha,47,1.783689,1.236055,0.297495
23,0.15,alpha,48,1.091155,1.04553,0.234282
23,0.15,alpha,49,1.028417,0.830252,0.208769
23,0.15,alpha,50,1.671998,0.812456,0.181856
23,0.15,alpha,51,0.97717,0.674646,0.1784
23,0.15,alpha,52,0.653635,0.47249,0.125109
23,0.15,alpha,53,1.146423,0.876194,0.189826
23,0.15,alpha,54,1.057262,0.644165,0.166799
23,0.15,alpha,55,2.274749,1.091515,0.27414
23,0.15,alpha,56,0.613834,0.513882,0.146332
23,0.15,alpha,57,1.696346,1.1011,0.236924
23,0.15,alpha,58,0.727913,0.681397,0.173748
23,0.15,alpha,59,1.042946,0.793786,0.179901
23,0.15,alpha,60,2.283237,1.73545,0.351492
23,0.15,alpha,61,1.604602,1.11078,0.23084
23,0.15,alpha,62,0.541797,0.611387,0.164031
23,0.15,alpha,63,1.240453,0.963649,0.241057
23,0.15,alpha,64,1.130759,0.662758,0.17401
23,0.15,alpha,65,2.829312,1.31271,0.277328
23,0.15,alpha,66,0.889364,0.859529,0.195574
23,0.15,alpha,67,3.319556,1.120085,0.253629
23,0.15,alpha,68,1.236144,1.433065,0.280063
23,0.15,alpha,69,0.681241,0.61885,0.174665
23,0.15,alpha,70,2.119208,0.90423,0.206799
23,0.15,alpha,71,1.244406,1.07563,0.246186
23,0.15,alpha,72,0.322654,0.347798,0.098296
23,0.15,alpha,73,1.766106,1.351115,0.27933
23,0.15,alpha,74,0.823381,0.494098,0.137281
23,0.15,alpha,75,0.754121,0.36232,0.104427
23,0.15,alpha,76,1.63385,1.10137,0.222705
23,0.15,alpha,77,1.065236,0.955436,0.220073
23,0.15,alpha,78,0.770644,0.748654,0.179928
23,0.15,alpha,79,2.252562,1.158635,0.250078
23,0.15,alpha,80,1.748799,1.510695,0.340591
23,0.15,alpha,81,1.104369,0.682208,0.178312
23,0.15,alpha,82,0.788315,0.821197,0.206915
23,0.15,alpha,83,0.961835,0.862456,0.206745
23,0.15,alpha,84,0.519909,0.583494,0.151983
23,0.15,alpha,85,0.561436,0.363444,0.10313
23,0.15,alpha,86,1.401593,1.038005,0.228191
23,0.15,alpha,87,0.799208,0.83901,0.190511
23,0.15,alpha,88,1.080845,0.885886,0.199751
23,0.15,alpha,89,1.932766,1.16044,0.239538
23,0.15,alpha,90,1.17976,0.52778,0.144408
23,0.15,alpha,91,2.154952,0.787867,0.194341
23,0.15,alpha,92,2.600373,1.70199,0.351746
23,0.15,alpha,93,0.67197,0.42324,0.11195
23,0.15,alpha,94,1.312778,0.863242,0.200428
23,0.15,alpha,95,0.781472,0.524852,0.137784
23,0.15,alpha,96,0.951435,0.412462,0.117274
23,0.15,alpha,97,0.714285,0.58791,0.147072
23,0.15,alpha,98,1.799753,0.970767,0.206661
23,0.15,alpha,99,1.474502,0.643528,0.154888
23,0.15,alpha,100,0.425201,0.575139,0.143528
23,0.15,alpha,101,0.58416,0.703566,0.167287
23,0.15,alpha,102,0.80383,0.476799,0.12904
23,0.15,alpha,103,1.802922,0.851625,0.210384
23,0.15,alpha,104,1.183513,0.833779,0.190317
23,0.15,alpha,105,0.564988,0.561835,0.147235
23,0.15,alpha,106,1.108911,0.513328,0.14442
23,0.15,alpha,107,2.982893,1.384495,0.261766
23,0.15,alpha,108,0.575276,0.474287,0.141126
23,0.15,alpha,109,0.453253,0.39183,0.118084
23,0.15,alpha,110,1.97219,0.91249,0.215936
23,0.15,alpha,111,0.710516,0.536522,0.14123
23,0.15,alpha,112,1.126574,0.651793,0.168415
23,0.15,alpha,113,1.473727,0.660338,0.158688
23,0.15,alpha,114,1.132518,0.723226,0.182514
23,0.15,alpha,115,0.881333,0.512606,0.13619
23,0.15,alpha,116,0.367831,0.381312,0.106706
23,0.15,alpha,117,1.290301,0.573628,0.157284
23,0.15,alpha,118,0.720541,0.489752,0.139783
23,0.15,alpha,119,0.84474,0.817905,0.188949
23,0.15,alpha,120,2.579367,0.780688,0.175391
23,0.15,alpha,121,0.753914,0.582278,0.145814
23,0.15,alpha,122,0.943051,0.687604,0.167896
23,0.15,alpha,123,1.613658,0.751162,0.183313
23,0.15,alpha,124,0.472957,0.291568,0.091657
23,0.15,alpha,125,1.845962,0.539991,0.162871
23,0.15,alpha,126,0.99257,0.458167,0.135312
23,0.15,alpha,127,2.433543,0.56133,0.147008
23,0.15,alpha,128,1.19457,0.451982,0.159626
23,0.25,theta,1,1.762134,1.331115,0.556392
23,0.25,theta,2,1.688882,1.193465,0.523044
23,0.25,theta,3,0.564616,0.079891,0.485636
23,0.25,theta,4,1.386785,1.01245,0.527438
23,0.25,theta,5,-1.44852,-0.974422,0.448729
23,0.25,theta,6,0.181435,0.097022,0.528135
23,0.25,theta,7,-0.388135,-0.12875,0.48596
23,0.25,theta,8,-0.771455,-0.68456,0.505173
23,0.25,theta,9,-0.470389,-0.892102,0.412317
23,0.25,theta,10,0.54081,0.38097,0.501782
23,0.25,theta,11,-1.272466,-0.996678,0.438859
23,0.25,theta,12,1.102635,0.915926,0.548259
23,0.25,theta,13,0.121125,-0.185401,0.457483
23,0.25,theta,14,3.548101,2.12496,0.59925
23,0.25,theta,15,0.811534,0.322946,0.466734
23,0.25,theta,16,0.849808,0.89956,0.545691
23,0.25,theta,17,0.17562,-0.351848,0.443157
23,0.25,theta,18,1.261534,1.448915,0.564296
23,0.25,theta,19,-0.026541,0.390896,0.546182
23,0.25,theta,20,0.917411,0.172948,0.478296
23,0.25,theta,21,-0.253998,-0.146636,0.513391
23,0.25,theta,22,1.001558,0.805036,0.524844
23,0.25,theta,23,-0.382293,-0.451144,0.499865
23,0.25,theta,24,-1.994411,-1.275915,0.450033
23,0.25,theta,25,0.845952,0.769931,0.531559
23,0.25,theta,26,0.698254,0.088812,0.470403
23,0.25,theta,27,0.366723,0.834272,0.531536
23,0.25,theta,28,0.736388,0.259128,0.474556
23,0.25,theta,29,-0.086405,-0.583144,0.468745
23,0.25,theta,30,-0.420905,-0.156951,0.492469
23,0.25,theta,31,-0.305398,-0.362268,0.466575
23,0.25,theta,32,1.914895,0.87962,0.55222
23,0.25,theta,33,-0.235968,-0.570526,0.460818
23,0.25,theta,34,1.110381,0.891944,0.539745
23,0.25,theta,35,0.443467,0.615695,0.478845
23,0.25,theta,36,0.098765,-0.419446,0.451062
23,0.25,theta,37,-0.45846,-0.539498,0.445599
23,0.25,theta,38,0.558252,0.306733,0.497636
23,0.25,theta,39,1.140188,0.664076,0.498334
23,0.25,theta,40,1.107586,0.480903,0.466542
23,0.25,theta,41,-1.350651,-1.09348,0.465826
23,0.25,theta,42,-0.802526,-0.388618,0.449276
23,0.25,theta,43,-0.352616,0.402788,0.499952
23,0.25,theta,44,-0.805489,-0.872287,0.421338
23,0.25,theta,45,0.315944,0.611054,0.508064
23,0.25,theta,46,-0.108516,-0.460525,0.454562
23,0.25,theta,47,0.126644,0.509274,0.487998
23,0.25,theta,48,1.209753,0.816518,0.511219
23,0.25,theta,49,1.727281,1.64795,0.561031
23,0.25,theta,50,0.088926,0.084034,0.497315
23,0.25,theta,51,-0.429532,-0.250876,0.510473
23,0.25,theta,52,0.743366,0.089095,0.475187
23,0.25,theta,53,0.092432,0.469952,0.473158
23,0.25,theta,54,0.995449,1.46445,0.555878
23,0.25,theta,55,0.990011,0.7943,0.530507
23,0.25,theta,56,-0.227928,-0.365524,0.441025
23,0.25,theta,57,1.506373,1.279485,0.551166
23,0.25,theta,58,1.154901,-0.218542,0.483902
23,0.25,theta,59,-2.050188,-1.48331,0.473931
23,0.25,theta,60,-2.151562,-1.385515,0.464797
23,0.25,theta,61,-0.145301,-0.22365,0.447347
23,0.25,theta,62,0.891885,1.28155,0.543881
23,0.25,theta,63,-1.044156,-1.38241,0.451365
23,0.25,theta,64,-0.052862,-0.364711,0.46621
23,0.25,theta,65,0.511166,0.259359,0.437796
23,0.25,theta,66,-2.005337,-1.388525,0.469069
23,0.25,theta,67,-1.998123,-1.33888,0.50616
23,0.25,theta,68,-0.45341,-0.49598,0.438704
23,0.25,theta,69,0.324075,0.013772,0.472935
23,0.25,theta,70,0.599857,0.032733,0.488684
23,0.25,theta,71,-1.083973,-1.360985,0.447496
23,0.25,theta,72,1.172858,1.001855,0.537427
23,0.25,theta,73,-0.980599,-1.973405,0.483016
23,0.25,theta,74,-0.597464,-0.450724,0.417872
23,0.25,theta,75,0.464639,0.422928,0.467051
23,0.25,theta,76,0.013172,0.969372,0.541156
23,0.25,theta,77,0.076528,0.320894,0.470678
23,0.25,theta,78,1.073837,0.903951,0.504497
23,0.25,theta,79,-0.49647,-0.456691,0.470567
23,0.25,theta,80,1.439633,1.32561,0.557239
23,0.25,theta,81,0.223881,-0.076782,0.461411
23,0.25,theta,82,-1.528967,-0.622914,0.473374
23,0.25,theta,83,-0.353108,0.742303,0.498624
23,0.25,theta,84,-0.166507,0.010758,0.469044
23,0.25,theta,85,1.043554,0.70537,0.524658
23,0.25,theta,86,2.458458,2.77937,0.626927
23,0.25,theta,87,0.428131,0.157503,0.48953
23,0.25,theta,88,0.991693,0.424364,0.485873
23,0.25,theta,89,-0.69408,-0.600068,0.48325
23,0.25,theta,90,-1.313492,-1.430385,0.510656
23,0.25,theta,91,-0.791315,-1.276895,0.467719
23,0.25,theta,92,-1.048351,-0.019071,0.464629
23,0.25,theta,93,-0.484341,-0.339303,0.452176
23,0.25,theta,94,0.352733,-0.423708,0.436542
23,0.25,theta,95,-0.107587,-0.607806,0.464115
23,0.25,theta,96,-0.464786,0.096675,0.500363
23,0.25,theta,97,-0.443303,-0.329545,0.450113
23,0.25,theta,98,-1.306274,-0.939156,0.440577
23,0.25,theta,99,-0.695212,-1.14514,0.452372
23,0.25,theta,100,0.119662,-0.520551,0.45109
23,0.25,theta,101,1.462496,0.684384,0.518961
23,0.25,theta,102,-0.458172,-0.783994,0.434489
23,0.25,theta,103,1.000714,0.487981,0.548656
23,0.25,theta,104,0.032754,-0.473868,0.432374
23,0.25,theta,105,2.132433,1.048415,0.500441
23,0.25,theta,106,-0.767482,-0.66336,0.466652
23,0.25,theta,107,-0.632499,-0.212268,0.468152
23,0.25,theta,108,-0.933978,-0.859738,0.442495
23,0.25,theta,109,-0.968589,-0.232108,0.446654
23,0.25,theta,110,-0.456239,-1.12665,0.443101
23,0.25,theta,111,1.296668,1.101095,0.531036
23,0.25,theta,112,0.854777,0.865286,0.50845
23,0.25,theta,113,-0.940647,-0.559968,0.441675
23,0.25,theta,114,0.200523,0.825811,0.544282
23,0.25,theta,115,2.060813,1.89191,0.581173
23,0.25,theta,116,-0.150149,0.009186,0.474112
23,0.25,theta,117,1.537929,1.39984,0.566926
23,0.25,theta,118,-0.380676,-0.28864,0.470644
23,0.25,theta,119,-0.521413,-0.56429,0.443081
23,0.25,theta,120,-1.00378,-1.071635,0.428505
23,0.25,theta,121,0.698968,0.823654,0.516257
23,0.25,theta,122,-1.033074,-0.903799,0.474027
23,0.25,theta,123,-1.717731,-1.128995,0.443678
23,0.25,theta,124,0.578327,0.701848,0.493481
23,0.25,theta,125,0.748521,0.745722,0.522167
23,0.25,theta,126,0.817199,0.405951,0.488283
23,0.25,theta,127,-0.927253,-1.46075,0.469063
23,0.25,theta,128,0.74621,0.503562,0.496958
23,0.25,theta,129,0.3419,-0.050568,0.458658
23,0.25,theta,130,0.905041,0.996158,0.527428
23,0.25,theta,131,1.098693,0.464263,0.456138
23,0.25,theta,132,0.744552,1.27248,0.565976
23,0.25,theta,133,2.075684,1.91484,0.568329
23,0.25,theta,134,-0.379833,-0.582296,0.470788
23,0.25,theta,135,0.681811,1.574175,0.573381
23,0.25,theta,136,0.106732,0.287232,0.474852
23,0.25,theta,137,0.12249,-0.055742,0.480791
23,0.25,theta,138,-0.887408,-0.447805,0.450397
23,0.25,theta,139,-2.20343,-2.141225,0.534568
23,0.25,theta,140,-1.439819,-1.194125,0.482047
23,0.25,theta,141,0.775788,1.380665,0.566902
23,0.25,theta,142,-0.537001,-1.37317,0.463043
23,0.25,theta,143,0.472454,0.442923,0.491778
23,0.25,theta,144,2.04231,1.256795,0.555492
23,0.25,theta,145,1.090959,0.830944,0.502881
23,0.25,theta,146,-0.023201,-0.634782,0.413496
23,0.25,theta,147,0.778431,0.679337,0.510031
23,0.25,theta,148,-0.242517,-0.350723,0.495017
23,0.25,theta,149,-0.692304,-0.736352,0.442842
23,0.25,theta,150,-0.883098,-0.191042,0.420809
23,0.25,theta,151,-0.188849,0.419623,0.485582
23,0.25,theta,152,-0.479774,-0.269326,0.440658
23,0.25,theta,153,0.787012,-0.005532,0.495461
23,0.25,theta,154,1.073427,0.592483,0.489449
23,0.25,theta,155,-1.245468,-1.252475,0.472656
23,0.25,theta,156,-0.375432,-0.515498,0.492443
23,0.25,theta,157,0.529422,0.042841,0.471302
23,0.25,theta,158,0.759328,0.249092,0.476336
23,0.25,theta,159,-0.201741,-0.111351,0.473768
23,0.25,theta,160,-0.175719,-0.670773,0.474121
23,0.25,theta,161,1.71932,0.961472,0.50975
23,0.25,theta,162,-1.307493,-0.960306,0.441795
23,0.25,theta,163,0.237048,-0.595682,0.462712
23,0.25,theta,164,1.645734,0.842643,0.529198
23,0.25,theta,165,0.133975,0.820132,0.51693
23,0.25,theta,166,-0.661097,0.62508,0.527807
23,0.25,theta,167,1.776719,1.416135,0.561906
23,0.25,theta,168,-1.161307,-0.599998,0.439613
23,0.25,theta,169,0.456862,0.772932,0.517805
23,0.25,theta,170,1.173997,1.1078,0.533973
23,0.25,theta,171,-0.481649,-0.448252,0.443543
23,0.25,theta,172,-0.964606,-1.690285,0.45573
23,0.25,theta,173,0.122719,0.071317,0.506823
23,0.25,theta,174,0.82765,0.407895,0.481854
23,0.25,theta,175,-1.34818,-0.403826,0.431848
23,0.25,theta,176,-0.42204,-0.307594,0.483862
23,0.25,theta,177,-1.359646,-0.413575,0.464228
23,0.25,theta,178,0.716728,0.461877,0.481274
23,0.25,theta,179,1.240788,1.670725,0.579603
23,0.25,theta,180,-1.61641,-0.791704,0.433054
23,0.25,theta,181,1.560499,0.620766,0.504151
23,0.25,theta,182,0.337511,0.398994,0.461622
23,0.25,theta,183,-0.310401,0.817031,0.522202
23,0.25,theta,184,1.856123,1.126985,0.549618
23,0.25,theta,185,0.833726,0.504418,0.477062
23,0.25,theta,186,0.33196,0.490886,0.488474
23,0.25,theta,187,-0.248072,0.417846,0.513455
23,0.25,theta,188,-0.999738,-0.467022,0.449468
23,0.25,theta,189,1.409546,1.368715,0.557914
23,0.25,theta,190,-0.968538,-0.485486,0.468812
23,0.25,theta,191,0.03492,-0.068088,0.455521
23,0.25,theta,192,-1.748696,-1.07423,0.456083
23,0.25,theta,193,0.176693,0.577464,0.497739
23,0.25,theta,194,-1.407756,-0.509558,0.46664
23,0.25,theta,195,0.351064,0.772812,0.523102
23,0.25,theta,196,0.868941,0.99805,0.510811
23,0.25,theta,197,-0.089048,-1.01518,0.482418
23,0.25,theta,198,0.581149,1.20039,0.545613
23,0.25,theta,199,-1.20212,-0.980533,0.44316
23,0.25,theta,200,-1.163738,-0.960914,0.451854
23,0.25,theta,201,0.064308,0.194829,0.487579
23,0.25,theta,202,0.476928,0.331468,0.50604
23,0.25,theta,203,-0.838162,-0.871226,0.479542
23,0.25,theta,204,-0.792907,-0.999334,0.466612
23,0.25,theta,205,0.553785,-0.14415,0.479733
23,0.25,theta,206,-1.848835,-1.166845,0.463838
23,0.25,theta,207,0.762927,0.683792,0.49078
23,0.25,theta,208,-0.399361,-0.173412,0.45648
23,0.25,theta,209,-1.211825,-0.700139,0.459217
23,0.25,theta,210,-1.8985,-1.039495,0.494727
23,0.25,theta,211,0.170798,0.035466,0.513187
23,0.25,theta,212,-0.438448,-1.16612,0.478923
23,0.25,theta,213,-0.486683,-0.72986,0.454229
23,0.25,theta,214,1.11598,0.54374,0.500133
23,0.25,theta,215,-0.686928,-0.67683,0.487617
23,0.25,theta,216,-0.251132,-0.507991,0.453245
23,0.25,theta,217,0.153131,0.172364,0.485934
23,0.25,theta,218,-0.163555,0.171358,0.486574
23,0.25,theta,219,-0.592572,-0.053077,0.479126
23,0.25,theta,220,-0.554214,-0.103614,0.46135
23,0.25,theta,221,1.797101,1.643775,0.548295
23,0.25,theta,222,0.200078,0.411228,0.503365
23,0.25,theta,223,0.607678,1.1304,0.537552
23,0.25,theta,224,-0.503361,-0.754325,0.460756
23,0.25,theta,225,0.483144,0.958348,0.54028
23,0.25,theta,226,-1.003471,-1.3804,0.461565
23,0.25,theta,227,-0.103362,0.107529,0.496297
23,0.25,theta,228,0.69943,0.764369,0.503771
23,0.25,theta,229,-1.042626,-0.999518,0.459816
23,0.25,theta,230,0.790919,0.219197,0.451116
23,0.25,theta,231,1.015168,1.453525,0.560644
23,0.25,theta,232,-0.435427,-0.762028,0.443371
23,0.25,theta,233,0.640087,0.54856,0.505438
23,0.25,theta,234,0.433049,-0.062651,0.468444
23,0.25,theta,235,1.327224,1.12546,0.51248
23,0.25,theta,236,0.023222,0.163454,0.4987
23,0.25,theta,237,-2.089956,-1.116915,0.471277
23,0.25,theta,238,-0.642379,-0.092266,0.461028
23,0.25,theta,239,0.616694,0.28479,0.49985
23,0.25,theta,240,-0.609464,-0.526601,0.496167
23,0.25,theta,241,0.804722,0.144252,0.473117
23,0.25,theta,242,-1.472188,-0.95172,0.469485
23,0.25,theta,243,1.18638,1.59029,0.563485
23,0.25,theta,244,-1.218995,-1.078,0.479153
23,0.25,theta,245,-0.380742,-0.458515,0.478697
23,0.25,theta,246,1.195341,0.904842,0.530457
23,0.25,theta,247,-0.141714,-1.286695,0.452286
23,0.25,theta,248,0.054354,-0.002216,0.51543
23,0.25,theta,249,0.268318,0.384256,0.482379
23,0.25,theta,250,0.00238,-0.44109,0.486415
23,0.25,theta,251,0.623342,-0.16859,0.496811
23,0.25,theta,252,-0.047539,-0.468711,0.481075
23,0.25,theta,253,1.085076,0.348852,0.479814
23,0.25,theta,254,0.462507,0.32403,0.483129
23,0.25,theta,255,0.288733,-0.058209,0.483671
23,0.25,theta,256,-0.919156,-0.368325,0.470424
23,0.25,theta,257,0.634645,-0.60413,0.464739
23,0.25,theta,258,-0.507532,-0.77488,0.438641
23,0.25,theta,259,-0.235933,0.055303,0.467786
23,0.25,theta,260,-0.242073,0.602251,0.499439
23,0.25,theta,261,-0.989827,-0.779537,0.42553
23,0.25,theta,262,-1.95523,-1.38108,0.480389
23,0.25,theta,263,-0.061479,-0.135038,0.448061
23,0.25,theta,264,-1.089277,-1.27504,0.492104
23,0.25,theta,265,1.75094,1.19344,0.512343
23,0.25,theta,266,1.69819,0.998699,0.528495
23,0.25,theta,267,-0.048721,0.182058,0.469898
23,0.25,theta,268,-0.465866,-0.332402,0.479118
23,0.25,theta,269,-1.585478,-1.60033,0.485182
23,0.25,theta,270,-2.061948,-1.1129,0.452035
23,0.25,theta,271,-0.396836,-0.256981,0.450014
23,0.25,theta,272,0.652955,0.315774,0.51155
23,0.25,theta,273,-1.1127,-0.652409,0.458196
23,0.25,theta,274,1.190615,0.745633,0.5149
23,0.25,theta,275,0.678185,0.621636,0.515277
23,0.25,theta,276,0.070657,-0.953226,0.463428
23,0.25,theta,277,0.593168,0.711192,0.502153
23,0.25,theta,278,-0.429399,0.119234,0.508981
23,0.25,theta,279,-0.805234,-0.665762,0.486184
23,0.25,theta,280,-1.681947,-1.644335,0.515044
23,0.25,theta,281,-0.117291,-0.207726,0.495898
23,0.25,theta,282,0.757667,0.989914,0.547885
23,0.25,theta,283,-2.272911,-0.769918,0.458523
23,0.25,theta,284,-0.171203,-0.477022,0.4362
23,0.25,theta,285,-0.695511,-0.923277,0.45111
23,0.25,theta,286,0.557867,0.209973,0.474253
23,0.25,theta,287,-0.092726,-0.418448,0.45417
23,0.25,theta,288,0.349102,0.335896,0.504111
23,0.25,theta,289,0.482825,0.666182,0.499941
23,0.25,theta,290,1.313878,1.34777,0.566937
23,0.25,theta,291,-0.855804,0.269248,0.477075
23,0.25,theta,292,0.232872,-0.021007,0.494914
23,0.25,theta,293,-0.248962,-0.703545,0.447964
23,0.25,theta,294,1.188029,1.603645,0.559915
23,0.25,theta,295,0.755881,1.184995,0.530415
23,0.25,theta,296,0.105917,-0.344496,0.454665
23,0.25,theta,297,1.360283,1.18391,0.548783
23,0.25,theta,298,0.47015,-0.592523,0.471572
23,0.25,theta,299,2.875412,1.35701,0.567545
23,0.25,theta,300,1.442648,0.944946,0.514656
23,0.25,theta,301,-0.300623,-0.01854,0.45123
23,0.25,theta,302,-0.719251,-0.972312,0.473308
23,0.25,theta,303,0.972935,1.55346,0.559534
23,0.25,theta,304,-0.126281,0.19646,0.510431
23,0.25,theta,305,0.186046,0.5882,0.508506
23,0.25,theta,306,0.818021,0.138202,0.495307
23,0.25,theta,307,-0.797433,-0.628314,0.468546
23,0.25,theta,308,-1.932353,-0.821506,0.472649
23,0.25,theta,309,-0.566803,0.364758,0.499736
23,0.25,theta,310,-1.087485,-0.624126,0.45117
23,0.25,theta,311,-0.273021,-1.039895,0.445428
23,0.25,theta,312,-0.262287,-0.851167,0.446222
23,0.25,theta,313,-0.088487,0.41306,0.497762
23,0.25,theta,314,-0.560421,-0.49991,0.456123
23,0.25,theta,315,-0.678908,-0.388258,0.441058
23,0.25,theta,316,0.609646,0.031706,0.457835
23,0.25,theta,317,-0.638754,-0.586116,0.443755
23,0.25,theta,318,-0.157102,0.078181,0.498749
23,0.25,theta,319,-0.214353,-0.130883,0.510048
23,0.25,theta,320,-0.809163,-1.75035,0.484496
23,0.25,theta,321,-0.675158,-0.676464,0.463585
23,0.25,theta,322,-3.5482,-1.649625,0.46508
23,0.25,theta,323,0.276288,-0.521558,0.485954
23,0.25,theta,324,-2.88102,-1.96209,0.505769
23,0.25,theta,325,0.291617,-0.108762,0.456515
23,0.25,theta,326,-0.241458,-0.107614,0.473241
23,0.25,theta,327,-0.957163,-1.14045,0.459258
23,0.25,theta,328,-0.356443,-0.424474,0.447774
23,0.25,theta,329,1.06219,0.587322,0.502673
23,0.25,theta,330,1.585966,0.874606,0.514144
23,0.25,theta,331,2.479508,1.066835,0.540027
23,0.25,theta,332,-1.552195,-1.244065,0.462541
23,0.25,theta,333,0.699715,0.597584,0.461454
23,0.25,theta,334,1.169742,1.373945,0.554193
23,0.25,theta,335,-1.180739,-0.340769,0.442076
23,0.25,theta,336,2.603494,2.19944,0.601563
23,0.25,theta,337,-0.428393,-0.025986,0.439108
23,0.25,theta,338,0.608301,-0.000496,0.472339
23,0.25,theta,339,-0.122337,-0.499442,0.485717
23,0.25,theta,340,-0.944383,-1.187255,0.423547
23,0.25,theta,341,0.314878,0.16479,0.489882
23,0.25,theta,342,0.762928,1.52194,0.573075
23,0.25,theta,343,-1.145505,-1.14067,0.472442
23,0.25,theta,344,-0.2197,-0.01797,0.456002
23,0.25,theta,345,-0.23794,-0.595171,0.438959
23,0.25,theta,346,-0.645994,-0.66731,0.43354
23,0.25,theta,347,-0.379534,-0.43195,0.44382
23,0.25,theta,348,0.900159,-0.071203,0.495191
23,0.25,theta,349,0.207141,-0.420475,0.452715
23,0.25,theta,350,-0.52406,-0.469603,0.469737
23,0.25,theta,351,-0.434281,-0.437556,0.462346
23,0.25,theta,352,1.105084,0.52173,0.511669
23,0.25,theta,353,0.326469,-0.01437,0.462767
23,0.25,theta,354,-0.539213,-0.011632,0.507944
23,0.25,theta,355,0.987594,0.738611,0.538311
23,0.25,theta,356,-0.380795,-0.53208,0.452148
23,0.25,theta,357,0.700896,0.271955,0.484481
23,0.25,theta,358,0.186219,0.21778,0.470096
23,0.25,theta,359,1.082956,0.96976,0.536171
23,0.25,theta,360,0.46083,1.063665,0.531335
23,0.25,theta,361,-0.195395,-0.459996,0.426819
23,0.25,theta,362,-1.26059,-1.160355,0.47841
23,0.25,theta,363,-1.277201,-2.35531,0.53051
23,0.25,theta,364,0.572008,1.01053,0.527765
23,0.25,theta,365,-0.480573,-0.714442,0.444396
23,0.25,theta,366,-1.631916,-1.38465,0.45876
23,0.25,theta,367,-0.719938,-0.377978,0.493329
23,0.25,theta,368,-1.641342,-0.898952,0.456456
23,0.25,theta,369,-1.123264,-1.17581,0.504141
23,0.25,theta,370,-0.272324,0.717212,0.505905
23,0.25,theta,371,-0.462358,-1.16605,0.452541
23,0.25,theta,372,-1.662781,-0.801683,0.449869
23,0.25,theta,373,-0.936463,-1.40987,0.483996
23,0.25,theta,374,-0.630727,-0.982084,0.439924
23,0.25,theta,375,0.297642,0.420384,0.497375
23,0.25,theta,376,-1.378044,-0.857008,0.44696
23,0.25,theta,377,-0.561111,-0.332738,0.477694
23,0.25,theta,378,0.450618,0.160554,0.506606
23,0.25,theta,379,0.281383,-0.169776,0.445994
23,0.25,theta,380,0.723544,0.842958,0.516665
23,0.25,theta,381,-0.421328,-0.700908,0.451452
23,0.25,theta,382,-1.262819,-1.019945,0.461776
23,0.25,theta,383,-2.331046,-1.98914,0.509336
23,0.25,theta,384,-0.551054,-0.98306,0.462854
23,0.25,theta,385,0.317395,0.233893,0.476098
23,0.25,theta,386,-1.194574,-1.500515,0.458126
23,0.25,theta,387,0.706904,0.496954,0.499442
23,0.25,theta,388,0.095467,-0.094369,0.502876
23,0.25,theta,389,2.990612,1.336905,0.528817
23,0.25,theta,390,-0.918072,-0.81326,0.430266
23,0.25,theta,391,-0.356292,-0.524412,0.487396
23,0.25,theta,392,0.235383,-0.223164,0.457249
23,0.25,theta,393,-0.128689,-0.149716,0.488067
23,0.25,theta,394,0.489984,0.190223,0.523352
23,0.25,theta,395,-1.309446,-0.686208,0.468762
23,0.25,theta,396,-1.858913,-2.792965,0.543126
23,0.25,theta,397,-0.489026,-0.780892,0.475503
23,0.25,theta,398,0.970787,0.732282,0.519831
23,0.25,theta,399,-0.820209,-0.601758,0.449118
23,0.25,theta,400,-0.71158,-0.816847,0.444146
23,0.25,theta,401,0.285978,0.030705,0.474272
23,0.25,theta,402,-0.247546,-0.256922,0.458431
23,0.25,theta,403,-0.524276,-0.420984,0.425897
23,0.25,theta,404,-1.010016,0.177003,0.468724
23,0.25,theta,405,-0.208747,-0.395892,0.464587
23,0.25,theta,406,-0.673454,-0.984474,0.447472
23,0.25,theta,407,0.614228,0.437768,0.484383
23,0.25,theta,408,-1.663161,-0.985951,0.449827
23,0.25,theta,409,-1.739152,-0.897415,0.43078
23,0.25,theta,410,-0.266262,0.002741,0.495542
23,0.25,theta,411,0.575888,0.325519,0.468695
23,0.25,theta,412,-0.633785,-0.777961,0.466854
23,0.25,theta,413,0.814227,1.361045,0.575422
23,0.25,theta,414,0.814756,0.344828,0.473756
23,0.25,theta,415,-0.29975,-0.599502,0.450353
23,0.25,theta,416,0.753673,0.526893,0.46279
23,0.25,theta,417,-0.457197,-0.19884,0.499462
23,0.25,theta,418,-0.747947,-0.285128,0.428547
23,0.25,theta,419,-0.405984,-0.699433,0.480427
23,0.25,theta,420,1.046088,1.367795,0.565435
23,0.25,theta,421,0.175799,-0.385576,0.480449
23,0.25,theta,422,0.869687,0.101418,0.505525
23,0.25,theta,423,0.661654,0.5523,0.468884
23,0.25,theta,424,-1.990971,-0.41127,0.486788
23,0.25,theta,425,1.430886,1.080815,0.554189
23,0.25,theta,426,0.724138,1.199155,0.528724
23,0.25,theta,427,-1.258936,-0.746056,0.487059
23,0.25,theta,428,1.628936,1.10271,0.533199
23,0.25,theta,429,1.650279,0.825548,0.547735
23,0.25,theta,430,-1.191494,-1.416035,0.479742
23,0.25,theta,431,0.406316,0.66047,0.524143
23,0.25,theta,432,0.13758,-0.111164,0.43329
23,0.25,theta,433,0.553079,0.619712,0.488392
23,0.25,theta,434,0.496301,0.389289,0.483741
23,0.25,theta,435,-0.335353,1.153645,0.555269
23,0.25,theta,436,0.489605,1.144725,0.534598
23,0.25,theta,437,-0.088323,0.383748,0.49116
23,0.25,theta,438,0.887651,0.261264,0.471534
23,0.25,theta,439,-0.461396,-0.680542,0.474863
23,0.25,theta,440,-0.364082,-0.14748,0.461631
23,0.25,theta,441,0.346863,0.844056,0.508251
23,0.25,theta,442,0.43635,-0.156383,0.50047
23,0.25,theta,443,-0.564243,-0.684484,0.437609
23,0.25,theta,444,-1.305001,-0.67286,0.469112
23,0.25,theta,445,-0.191369,0.128186,0.472486
23,0.25,theta,446,-1.136094,-1.281095,0.469611
23,0.25,theta,447,-0.165661,0.472525,0.488479
23,0.25,theta,448,-2.503192,-1.55667,0.515108
23,0.25,theta,449,0.848506,0.500112,0.520147
23,0.25,theta,450,-1.239182,-1.310005,0.489088
23,0.25,theta,451,0.677697,0.66163,0.511251
23,0.25,theta,452,-0.425377,-0.66722,0.451884
23,0.25,theta,453,-1.988516,-0.717361,0.459654
23,0.25,theta,454,-0.027097,0.196692,0.507028
23,0.25,theta,455,-0.158177,-0.634926,0.45082
23,0.25,theta,456,0.798349,0.49584,0.516926
23,0.25,theta,457,-1.146449,-0.382959,0.452057
23,0.25,theta,458,0.835965,1.23677,0.549367
23,0.25,theta,459,1.236664,1.024965,0.557368
23,0.25,theta,460,0.843559,1.10205,0.536281
23,0.25,theta,461,0.435149,-0.298446,0.474053
23,0.25,theta,462,1.634965,0.943291,0.519736
23,0.25,theta,463,-0.740045,-0.495092,0.450484
23,0.25,theta,464,0.336871,-0.349025,0.434562
23,0.25,theta,465,-0.341926,-0.262252,0.440224
23,0.25,theta,466,0.324188,-0.264116,0.473365
23,0.25,theta,467,-0.30407,-0.019194,0.509169
23,0.25,theta,468,0.351329,0.021744,0.491848
23,0.25,theta,469,0.85683,0.521097,0.497649
23,0.25,theta,470,-0.948225,-1.040365,0.416783
23,0.25,theta,471,-0.395398,-0.406368,0.490391
23,0.25,theta,472,0.914773,1.48546,0.583549
23,0.25,theta,473,0.224138,0.128269,0.471393
23,0.25,theta,474,-1.474586,-0.781297,0.513222
23,0.25,theta,475,0.540587,0.49777,0.459728
23,0.25,theta,476,0.589776,0.896991,0.538125
23,0.25,theta,477,0.332371,-0.352053,0.416367
23,0.25,theta,478,-0.0666,-0.316425,0.443029
23,0.25,theta,479,-0.722933,-0.534884,0.473225
23,0.25,theta,480,-0.678654,-1.467835,0.464081
23,0.25,theta,481,0.806021,0.661744,0.518294
23,0.25,theta,482,1.380508,0.86973,0.495656
23,0.25,theta,483,-1.18983,-0.366213,0.472031
23,0.25,theta,484,-0.06379,0.022317,0.507911
23,0.25,theta,485,1.395885,0.726794,0.517483
23,0.25,theta,486,-2.227524,-0.902951,0.474595
23,0.25,theta,487,1.187949,0.74327,0.503888
23,0.25,theta,488,1.572402,0.599568,0.502757
23,0.25,theta,489,-1.792861,-2.014745,0.512708
23,0.25,theta,490,0.907364,1.29163,0.541681
23,0.25,theta,491,-0.664296,-0.44011,0.481659
23,0.25,theta,492,0.149652,0.695131,0.545017
23,0.25,theta,493,2.215434,1.85781,0.571486
23,0.25,theta,494,-1.265197,-0.903762,0.428913
23,0.25,theta,495,-0.486743,-0.712394,0.489857
23,0.25,theta,496,1.836652,1.00384,0.55623
23,0.25,theta,497,-0.50156,-0.074317,0.44037
23,0.25,theta,498,0.751746,-0.241862,0.453146
23,0.25,theta,499,1.140074,1.43955,0.576987
23,0.25,theta,500,1.135396,0.873005,0.489784
23,0.25,theta,501,0.413718,0.974312,0.569461
23,0.25,theta,502,2.541917,0.934884,0.559905
23,0.25,theta,503,0.35486,0.625533,0.500335
23,0.25,theta,504,-0.381941,-0.085705,0.46562
23,0.25,theta,505,0.083607,-0.168719,0.461196
23,0.25,theta,506,0.438853,0.331243,0.4737
23,0.25,theta,507,2.218929,1.74744,0.588119
23,0.25,theta,508,-0.528993,-0.585876,0.475852
23,0.25,theta,509,0.144392,-0.519954,0.441829
23,0.25,theta,510,2.16167,1.63712,0.583016
23,0.25,theta,511,1.134624,0.892831,0.55203
23,0.25,theta,512,0.046088,0.159801,0.49381
23,0.25,theta,513,0.881937,0.72791,0.525195
23,0.25,theta,514,1.187549,0.767051,0.494288
23,0.25,theta,515,-0.171915,0.230513,0.456537
23,0.25,theta,516,-0.813485,-0.82481,0.470604
23,0.25,theta,517,0.041745,0.245985,0.539842
23,0.25,theta,518,-0.692669,-0.544588,0.474272
23,0.25,theta,519,1.092016,0.630532,0.514927
23,0.25,theta,520,-0.793004,-0.76152,0.437255
23,0.25,theta,521,-0.996947,-0.722465,0.480621
23,0.25,theta,522,-0.269735,0.229708,0.479858
23,0.25,theta,523,0.343635,-0.033152,0.51539
23,0.25,theta,524,0.362444,0.524346,0.483074
23,0.25,theta,525,-0.71662,-0.424265,0.467871
23,0.25,theta,526,-1.035471,-1.287125,0.462953
23,0.25,theta,527,1.611319,0.769492,0.559769
23,0.25,theta,528,1.267731,0.900759,0.504006
23,0.25,theta,529,0.555926,0.589036,0.488839
23,0.25,theta,530,-2.054104,-2.133325,0.523286
23,0.25,theta,531,-0.149016,-0.524503,0.47369
23,0.25,theta,532,-0.08526,0.19606,0.4801
23,0.25,theta,533,-1.154765,-0.155664,0.48695
23,0.25,theta,534,-1.581222,-1.40526,0.466405
23,0.25,theta,535,-0.648045,-0.897652,0.437654
23,0.25,theta,536,0.456234,0.882939,0.514358
23,0.25,theta,537,0.217531,0.505398,0.4864
23,0.25,theta,538,1.13874,0.810096,0.512615
23,0.25,theta,539,-0.695667,-0.7747,0.456638
23,0.25,theta,540,0.225685,-0.278006,0.436947
23,0.25,theta,541,1.134994,0.516806,0.526846
23,0.25,theta,542,0.03963,-0.632078,0.451189
23,0.25,theta,543,-1.408712,-0.974421,0.4573
23,0.25,theta,544,1.244991,1.061535,0.519494
23,0.25,theta,545,0.651662,0.442681,0.513096
23,0.25,theta,546,-0.478837,-0.321583,0.44635
23,0.25,theta,547,0.834945,1.18224,0.542361
23,0.25,theta,548,0.379969,0.606966,0.498886
23,0.25,theta,549,1.524186,1.396265,0.589146
23,0.25,theta,550,0.110869,0.831201,0.526934
23,0.25,theta,551,0.807178,0.764242,0.526979
23,0.25,theta,552,0.794651,0.762171,0.515326
23,0.25,theta,553,1.13463,-0.173864,0.474561
23,0.25,theta,554,0.996743,0.975122,0.521621
23,0.25,theta,555,-1.249578,-1.1655,0.477713
23,0.25,theta,556,-0.137299,0.172799,0.501217
23,0.25,theta,557,-0.171972,0.024298,0.423799
23,0.25,theta,558,-0.007576,-0.398816,0.473018
23,0.25,theta,559,1.082123,1.31001,0.553807
23,0.25,theta,560,-0.223099,-0.418558,0.459213
23,0.25,theta,561,-0.689801,-0.879604,0.473374
23,0.25,theta,562,0.772422,0.465084,0.483113
23,0.25,theta,563,-0.81926,-0.417096,0.419755
23,0.25,theta,564,-0.300556,-0.443889,0.465814
23,0.25,theta,565,-0.774263,-0.501088,0.456099
23,0.25,theta,566,0.160108,-0.103625,0.462691
23,0.25,theta,567,0.906394,1.213955,0.568604
23,0.25,theta,568,-0.595127,-0.082296,0.480536
23,0.25,theta,569,0.360916,0.096221,0.47256
23,0.25,theta,570,-0.926369,-0.830706,0.430074
23,0.25,theta,571,0.517336,0.539299,0.516124
23,0.25,theta,572,-0.236891,-0.305742,0.471945
23,0.25,theta,573,0.104376,0.238934,0.486993
23,0.25,theta,574,-0.782736,-0.804374,0.470085
23,0.25,theta,575,-0.207749,-0.509697,0.437357
23,0.25,theta,576,0.45938,0.874476,0.519563
23,0.25,theta,577,-1.006619,-0.842795,0.451335
23,0.25,theta,578,-0.45135,-0.037654,0.456155
23,0.25,theta,579,-0.680434,-0.922238,0.447965
23,0.25,theta,580,0.48524,-0.503618,0.488362
23,0.25,theta,581,-1.312556,-0.90351,0.468622
23,0.25,theta,582,-0.742592,-0.174048,0.492342
23,0.25,theta,583,-0.53075,-0.6241,0.449341
23,0.25,theta,584,0.707556,0.362926,0.484935
23,0.25,theta,585,-1.657349,-1.339965,0.504019
23,0.25,theta,586,-0.927539,-0.578255,0.483784
23,0.25,theta,587,0.571992,0.106338,0.470975
23,0.25,theta,588,-0.150232,0.747828,0.545123
23,0.25,theta,589,0.993868,1.181845,0.549755
23,0.25,theta,590,1.56533,1.67582,0.56095
23,0.25,theta,591,-0.445994,0.333044,0.505122
23,0.25,theta,592,-0.081974,-0.386359,0.487272
23,0.25,theta,593,-0.189182,0.337041,0.477212
23,0.25,theta,594,-0.211043,0.142518,0.476637
23,0.25,theta,595,0.086715,0.41447,0.470603
23,0.25,theta,596,-0.025896,-0.256943,0.42802
23,0.25,theta,597,-0.085643,-0.328191,0.46913
23,0.25,theta,598,1.482706,0.120116,0.453679
23,0.25,theta,599,-1.379655,-1.20849,0.491299
23,0.25,theta,600,-0.717549,-0.72632,0.452615
23,0.25,theta,601,0.08263,-0.107304,0.431575
23,0.25,theta,602,1.058926,0.664108,0.517777
23,0.25,theta,603,0.634281,0.209932,0.521321
23,0.25,theta,604,0.466581,0.007994,0.465861
23,0.25,theta,605,-2.264008,-1.562425,0.472968
23,0.25,theta,606,0.104813,-0.319441,0.511465
23,0.25,theta,607,-0.863759,-0.011845,0.443983
23,0.25,theta,608,-1.054458,-0.547846,0.462689
23,0.25,theta,609,1.418932,1.087775,0.531967
23,0.25,theta,610,-1.88587,-1.531045,0.516949
23,0.25,theta,611,1.825472,1.426105,0.541824
23,0.25,theta,612,-1.635804,-1.02571,0.477894
23,0.25,theta,613,1.783904,0.018251,0.488264
23,0.25,theta,614,-1.033817,-1.137795,0.473477
23,0.25,theta,615,0.543611,0.189458,0.509937
23,0.25,theta,616,2.184926,1.70048,0.560549
23,0.25,theta,617,1.412439,1.18267,0.557877
23,0.25,theta,618,-0.011643,0.400054,0.502938
23,0.25,theta,619,-1.033466,-1.21173,0.474424
23,0.25,theta,620,0.673054,-0.401704,0.471971
23,0.25,theta,621,0.740479,-0.387268,0.477258
23,0.25,theta,622,-0.116055,-0.12215,0.429421
23,0.25,theta,623,2.328578,1.39173,0.552458
23,0.25,theta,624,-1.20116,-0.615429,0.445065
23,0.25,theta,625,-0.574876,-0.56723,0.478161
23,0.25,theta,626,0.582992,0.676221,0.510033
23,0.25,theta,627,-0.756946,-0.649518,0.480769
23,0.25,theta,628,-1.574105,-2.144715,0.485268
23,0.25,theta,629,1.373935,0.273578,0.503522
23,0.25,theta,630,0.094908,0.103794,0.454926
23,0.25,theta,631,0.501442,0.383876,0.481644
23,0.25,theta,632,1.321715,0.728645,0.508578
23,0.25,theta,633,-1.509314,-1.183705,0.424552
23,0.25,theta,634,0.37345,0.39886,0.486978
23,0.25,theta,635,0.345601,0.268242,0.470128
23,0.25,theta,636,0.625288,0.690698,0.462842
23,0.25,theta,637,1.301469,0.85024,0.522283
23,0.25,theta,638,-0.602733,-0.52025,0.444819
23,0.25,theta,639,0.487058,0.6823,0.532993
23,0.25,theta,640,-0.317698,-0.334295,0.47313
23,0.25,theta,641,2.542591,2.31013,0.637096
23,0.25,theta,642,-0.58142,-0.37527,0.448945
23,0.25,theta,643,0.50074,-0.346867,0.416713
23,0.25,theta,644,2.523586,1.277765,0.568147
23,0.25,theta,645,0.198168,-0.489675,0.456282
23,0.25,theta,646,-0.457029,-0.045231,0.49183
23,0.25,theta,647,-1.006581,-1.05516,0.452896
23,0.25,theta,648,0.924478,1.101205,0.543849
23,0.25,theta,649,0.804223,0.597602,0.519456
23,0.25,theta,650,0.555823,1.315865,0.53711
23,0.25,theta,651,-0.105817,-0.611627,0.476666
23,0.25,theta,652,-0.356336,-0.643752,0.465317
23,0.25,theta,653,0.751052,0.71223,0.533039
23,0.25,theta,654,0.801243,1.480695,0.561753
23,0.25,theta,655,0.915673,1.103165,0.527116
23,0.25,theta,656,-0.856051,-0.777633,0.46858
23,0.25,theta,657,-0.585976,-0.277489,0.504596
23,0.25,theta,658,0.629312,0.33846,0.487274
23,0.25,theta,659,0.974596,0.417805,0.49587
23,0.25,theta,660,-0.143436,-0.105142,0.49682
23,0.25,theta,661,0.318354,0.799257,0.556715
23,0.25,theta,662,-0.18349,0.027819,0.498551
23,0.25,theta,663,-0.067378,-0.027391,0.474742
23,0.25,theta,664,-1.702019,-0.90753,0.461321
23,0.25,theta,665,0.25967,0.646272,0.509164
23,0.25,theta,666,0.365414,0.506541,0.485549
23,0.25,theta,667,-0.278985,-0.68708,0.447935
23,0.25,theta,668,-2.066942,-0.861314,0.440186
23,0.25,theta,669,1.61812,1.72819,0.578671
23,0.25,theta,670,-1.10762,-0.382276,0.433934
23,0.25,theta,671,-1.656037,-1.230725,0.465766
23,0.25,theta,672,-0.270795,-0.595844,0.474899
23,0.25,theta,673,-1.702057,-0.566474,0.482248
23,0.25,theta,674,1.790468,1.215795,0.566612
23,0.25,theta,675,0.316702,0.173756,0.464088
23,0.25,theta,676,1.145118,1.046535,0.578746
23,0.25,theta,677,0.516965,0.290056,0.463063
23,0.25,theta,678,1.032741,0.44209,0.512806
23,0.25,theta,679,-0.769379,-0.639734,0.439213
23,0.25,theta,680,-0.249064,-0.50666,0.495184
23,0.25,theta,681,2.254745,1.664235,0.559468
23,0.25,theta,682,-0.442495,-0.660066,0.459176
23,0.25,theta,683,1.517615,1.43311,0.562065
23,0.25,theta,684,-0.511679,-0.799862,0.462605
23,0.25,theta,685,0.234625,0.20931,0.500806
23,0.25,theta,686,-0.044464,0.326042,0.509577
23,0.25,theta,687,-0.154181,0.344693,0.534328
23,0.25,theta,688,0.741172,-0.258003,0.433163
23,0.25,theta,689,0.427882,-0.045445,0.486795
23,0.25,theta,690,-0.215517,-0.158228,0.465557
23,0.25,theta,691,1.112552,1.415795,0.539588
23,0.25,theta,692,-2.281541,-0.854645,0.40568
23,0.25,theta,693,1.40434,1.54605,0.58253
23,0.25,theta,694,-0.881827,-0.914362,0.456303
23,0.25,theta,695,-0.730012,-0.453688,0.501316
23,0.25,theta,696,-2.79512,-1.703405,0.516776
23,0.25,theta,697,-2.246727,-1.478875,0.474534
23,0.25,theta,698,1.402204,0.953878,0.519695
23,0.25,theta,699,-2.510819,-2.227325,0.516425
23,0.25,theta,700,0.255581,-0.183107,0.437978
23,0.25,theta,701,-1.427998,-1.20347,0.466776
23,0.25,theta,702,0.020536,-0.390116,0.440259
23,0.25,theta,703,-1.371822,-1.124825,0.488907
23,0.25,theta,704,1.411527,0.63646,0.507084
23,0.25,theta,705,0.619461,0.294932,0.498973
23,0.25,theta,706,0.830069,1.338135,0.534377
23,0.25,theta,707,-0.926292,-0.414964,0.455733
23,0.25,theta,708,-2.168536,-1.018025,0.491627
23,0.25,theta,709,1.393416,1.475215,0.57822
23,0.25,theta,710,-0.49051,-0.011789,0.486375
23,0.25,theta,711,-0.105831,-0.572462,0.461615
23,0.25,theta,712,-0.223237,0.197141,0.466039
23,0.25,theta,713,0.266452,0.658278,0.47785
23,0.25,theta,714,0.141363,0.87773,0.507608
23,0.25,theta,715,-1.725452,-1.53969,0.439159
23,0.25,theta,716,0.570333,0.696852,0.526466
23,0.25,theta,717,0.820794,0.487494,0.486182
23,0.25,theta,718,-0.537382,-0.720301,0.461173
23,0.25,theta,719,-0.993799,-0.263184,0.460236
23,0.25,theta,720,-0.038567,0.401358,0.489902
23,0.25,theta,721,-0.173881,0.00264,0.477882
23,0.25,theta,722,-0.602041,0.708832,0.502805
23,0.25,theta,723,1.658972,1.145395,0.554588
23,0.25,theta,724,-1.077154,-1.361705,0.446365
23,0.25,theta,725,-0.112844,-0.871342,0.457476
23,0.25,theta,726,-0.582584,-0.834508,0.490461
23,0.25,theta,727,-0.177313,-0.92538,0.445535
23,0.25,theta,728,-0.987474,-0.71917,0.472724
23,0.25,theta,729,0.377832,-0.203914,0.429996
23,0.25,theta,730,-0.325944,-0.139574,0.455977
23,0.25,theta,731,0.19117,0.79665,0.496489
23,0.25,theta,732,-1.088313,-1.65776,0.498913
23,0.25,theta,733,0.292873,0.08721,0.465177
23,0.25,theta,734,0.664554,1.191525,0.568448
23,0.25,theta,735,-2.336145,-1.476325,0.483621
23,0.25,theta,736,1.63368,1.42998,0.550919
23,0.25,theta,737,-1.190943,-1.10263,0.497254
23,0.25,theta,738,-0.799763,-0.852642,0.45362
23,0.25,theta,739,-0.828658,-0.7416,0.484742
23,0.25,theta,740,1.062597,0.833868,0.53973
23,0.25,theta,741,0.926044,0.961599,0.539635
23,0.25,theta,742,-0.50089,-0.017495,0.50795
23,0.25,theta,743,0.08705,-0.065091,0.498212
23,0.25,theta,744,-0.719524,-0.058795,0.442151
23,0.25,theta,745,-2.206321,-1.70625,0.497701
23,0.25,theta,746,1.406725,1.176065,0.55311
23,0.25,theta,747,-0.054745,-0.164195,0.454023
23,0.25,theta,748,-0.6768,-0.306732,0.455551
23,0.25,theta,749,-0.941579,-1.408985,0.494654
23,0.25,theta,750,0.865775,1.000735,0.52813
23,0.25,theta,751,-0.131533,0.213622,0.488558
23,0.25,theta,752,-0.467932,0.627823,0.510839
23,0.25,theta,753,0.299128,0.654248,0.507964
23,0.25,theta,754,-0.393942,-0.624795,0.434277
23,0.25,theta,755,-0.843433,-0.606423,0.493705
23,0.25,theta,756,0.10634,0.32381,0.510704
23,0.25,theta,757,-1.467126,-0.541848,0.497182
23,0.25,theta,758,0.048506,-0.008775,0.474572
23,0.25,theta,759,-1.880411,-1.780905,0.506312
23,0.25,theta,760,-0.647478,-0.326924,0.482002
23,0.25,theta,761,1.229396,0.66656,0.506314
23,0.25,theta,762,0.692488,0.724728,0.501303
23,0.25,theta,763,1.101201,0.89349,0.499862
23,0.25,theta,764,-0.449681,-0.365538,0.456987
23,0.25,theta,765,-0.188694,-0.034615,0.49753
23,0.25,theta,766,-0.4509,-1.006995,0.426418
23,0.25,theta,767,0.038849,-0.257468,0.449793
23,0.25,theta,768,0.888148,0.835278,0.531548
23,0.25,theta,769,-0.4834,-0.78284,0.440965
23,0.25,theta,770,-0.875963,-1.1009,0.449774
23,0.25,theta,771,-0.305044,0.019011,0.468799
23,0.25,theta,772,-0.288926,0.521513,0.517469
23,0.25,theta,773,-1.160253,-0.544216,0.483793
23,0.25,theta,774,-1.348184,-1.522375,0.46279
23,0.25,theta,775,0.115929,0.097771,0.479292
23,0.25,theta,776,-0.48869,-1.36199,0.431779
23,0.25,theta,777,0.258443,0.841066,0.520124
23,0.25,theta,778,-0.519154,-0.786106,0.423316
23,0.25,theta,779,-0.80951,-1.241205,0.50817
23,0.25,theta,780,0.459684,0.37499,0.481677
23,0.25,theta,781,-0.696087,-1.041825,0.430511
23,0.25,theta,782,-0.405189,0.115582,0.473161
23,0.25,theta,783,1.041294,1.04012,0.534226
23,0.25,theta,784,-1.8562,-0.174898,0.456304
23,0.25,theta,785,-0.37113,-0.137799,0.446345
23,0.25,theta,786,0.134865,-0.173635,0.461066
23,0.25,theta,787,-0.43583,-0.359896,0.470058
23,0.25,theta,788,0.513947,1.1967,0.572508
23,0.25,theta,789,0.862697,0.816252,0.507988
23,0.25,theta,790,1.106747,1.111635,0.50858
23,0.25,theta,791,-1.185149,-1.232455,0.443308
23,0.25,theta,792,2.574106,2.41537,0.605783
23,0.25,theta,793,0.894296,1.05182,0.549255
23,0.25,theta,794,1.536508,1.08678,0.561961
23,0.25,theta,795,-0.276011,-0.236782,0.48364
23,0.25,theta,796,0.138268,0.440564,0.475591
23,0.25,theta,797,1.307126,0.153705,0.481067
23,0.25,theta,798,0.634425,0.655073,0.506897
23,0.25,theta,799,1.010483,0.897732,0.520073
23,0.25,theta,800,-0.564397,-0.796522,0.456536
23,0.25,theta,801,-0.428798,0.78298,0.520791
23,0.25,theta,802,0.6819,0.306024,0.504414
23,0.25,theta,803,0.384824,0.168702,0.44685
23,0.25,theta,804,-0.360354,-1.18158,0.450724
23,0.25,theta,805,0.669433,1.095105,0.541646
23,0.25,theta,806,1.331903,1.002915,0.544041
23,0.25,theta,807,0.038216,0.292542,0.51639
23,0.25,theta,808,-1.257986,-1.49613,0.47018
23,0.25,theta,809,-0.785357,-1.13699,0.493463
23,0.25,theta,810,0.63362,0.073459,0.525694
23,0.25,theta,811,0.875489,0.970946,0.536065
23,0.25,theta,812,-1.12597,-0.885692,0.486254
23,0.25,theta,813,0.388934,-0.125146,0.458121
23,0.25,theta,814,-0.784674,-1.459055,0.452245
23,0.25,theta,815,0.353746,-0.193236,0.461863
23,0.25,theta,816,0.205848,0.393192,0.494491
23,0.25,theta,817,0.768646,0.62782,0.504727
23,0.25,theta,818,-0.237476,0.495678,0.487536
23,0.25,theta,819,0.119992,0.168563,0.476926
23,0.25,theta,820,0.001089,0.765046,0.521584
23,0.25,theta,821,-0.707998,-1.529445,0.461994
23,0.25,theta,822,0.844928,0.348958,0.521948
23,0.25,theta,823,1.959853,1.77987,0.58386
23,0.25,theta,824,0.784167,0.535935,0.477004
23,0.25,theta,825,-0.551163,-0.514003,0.428731
23,0.25,theta,826,0.345653,1.14798,0.543883
23,0.25,theta,827,-0.221724,0.658998,0.513666
23,0.25,theta,828,-0.146475,-1.006535,0.435686
23,0.25,theta,829,0.748832,0.959305,0.529549
23,0.25,theta,830,1.738212,0.24318,0.497293
23,0.25,theta,831,0.515371,1.09626,0.547471
23,0.25,theta,832,-0.556034,-0.876682,0.452104
23,0.25,theta,833,-0.258136,-0.33247,0.454582
23,0.25,theta,834,-0.565175,-0.312755,0.453464
23,0.25,theta,835,0.529537,0.716046,0.524146
23,0.25,theta,836,-0.71881,0.09067,0.442244
23,0.25,theta,837,0.30204,-0.100394,0.47763
23,0.25,theta,838,0.492073,0.20624,0.501729
23,0.25,theta,839,-0.132403,0.525974,0.506816
23,0.25,theta,840,0.382079,-0.026031,0.443715
23,0.25,theta,841,0.449189,0.592122,0.525332
23,0.25,theta,842,-1.086664,-1.26407,0.45038
23,0.25,theta,843,-0.053062,-0.362606,0.477423
23,0.25,theta,844,-0.298657,0.552195,0.491642
23,0.25,theta,845,1.030555,0.782679,0.50844
23,0.25,theta,846,1.821176,1.661315,0.597709
23,0.25,theta,847,0.565866,0.531956,0.516958
23,0.25,theta,848,0.8244,0.037171,0.500614
23,0.25,theta,849,-0.110592,-0.1021,0.470327
23,0.25,theta,850,-1.21646,-0.964692,0.458925
23,0.25,theta,851,-0.67415,-1.047375,0.445041
23,0.25,theta,852,0.446533,1.24264,0.528424
23,0.25,theta,853,0.750198,1.30545,0.567951
23,0.25,theta,854,-0.827629,-0.550014,0.449842
23,0.25,theta,855,2.237892,1.39922,0.545811
23,0.25,theta,856,-0.049132,-0.162027,0.487143
23,0.25,theta,857,0.676378,0.673253,0.509799
23,0.25,theta,858,-0.864749,-0.85094,0.467095
23,0.25,theta,859,0.331974,0.70391,0.511558
23,0.25,theta,860,-0.668257,-0.820998,0.442555
23,0.25,theta,861,-0.484763,-0.77903,0.43484
23,0.25,theta,862,-1.816009,-1.075995,0.450011
23,0.25,theta,863,2.317803,0.999024,0.547184
23,0.25,theta,864,-1.39828,-0.293519,0.484269
23,0.25,theta,865,0.010639,0.136376,0.452267
23,0.25,theta,866,-0.60646,-0.673624,0.477383
23,0.25,theta,867,-0.4389,-0.519247,0.482356
23,0.25,theta,868,0.762533,0.99654,0.519286
23,0.25,theta,869,-0.497656,-0.433801,0.461134
23,0.25,theta,870,0.325986,-0.017079,0.447228
23,0.25,theta,871,1.23761,1.220745,0.544151
23,0.25,theta,872,0.414208,-0.038004,0.475584
23,0.25,theta,873,0.339648,-0.783526,0.468605
23,0.25,theta,874,1.498385,0.758321,0.509925
23,0.25,theta,875,0.637399,0.130324,0.545025
23,0.25,theta,876,1.117109,1.48164,0.552954
23,0.25,theta,877,-0.478256,-0.636719,0.452107
23,0.25,theta,878,0.460345,0.908874,0.522313
23,0.25,theta,879,1.109045,0.925989,0.536751
23,0.25,theta,880,1.474884,1.28884,0.559828
23,0.25,theta,881,-0.277359,0.450048,0.506982
23,0.25,theta,882,-0.001647,-0.250898,0.439721
23,0.25,theta,883,0.317202,0.206004,0.508772
23,0.25,theta,884,0.780076,1.92106,0.585473
23,0.25,theta,885,1.027079,1.025635,0.503753
23,0.25,theta,886,-0.531082,-0.328124,0.471945
23,0.25,theta,887,2.665687,2.064985,0.58407
23,0.25,theta,888,-1.390559,0.181692,0.495106
23,0.25,theta,889,0.3142,0.169336,0.490502
23,0.25,theta,890,-0.203819,0.241032,0.483622
23,0.25,theta,891,-1.521244,-1.247085,0.44812
23,0.25,theta,892,-0.635927,-0.761142,0.462251
23,0.25,theta,893,-1.186297,-2.00359,0.498975
23,0.25,theta,894,-0.212667,0.161297,0.468894
23,0.25,theta,895,-0.248827,-0.91019,0.466766
23,0.25,theta,896,-0.175592,0.086448,0.491146
23,0.25,theta,897,-0.448732,-0.063751,0.44309
23,0.25,theta,898,0.280655,0.42868,0.507179
23,0.25,theta,899,-1.221247,-1.31179,0.459733
23,0.25,theta,900,-0.093661,0.109123,0.484277
23,0.25,theta,901,0.121097,-0.17546,0.409154
23,0.25,theta,902,-0.152335,-0.107924,0.492379
23,0.25,theta,903,0.272707,-0.146058,0.440441
23,0.25,theta,904,-0.017942,0.194742,0.50899
23,0.25,theta,905,0.440919,1.17479,0.542436
23,0.25,theta,906,0.189787,-0.442794,0.406638
23,0.25,theta,907,-0.463653,-0.208288,0.484539
23,0.25,theta,908,1.258882,0.902544,0.51342
23,0.25,theta,909,-1.037511,-0.282037,0.453284
23,0.25,theta,910,1.640633,0.941086,0.540545
23,0.25,theta,911,-0.2416,-0.700096,0.452219
23,0.25,theta,912,0.005173,-0.107863,0.464486
23,0.25,theta,913,-0.771081,-0.926508,0.471404
23,0.25,theta,914,-2.072788,-1.10798,0.432438
23,0.25,theta,915,1.678816,1.5644,0.590451
23,0.25,theta,916,0.407821,0.55722,0.514847
23,0.25,theta,917,0.296903,0.425986,0.49327
23,0.25,theta,918,1.02672,0.389128,0.486462
23,0.25,theta,919,0.118647,0.383682,0.478263
23,0.25,theta,920,-2.471968,-1.055265,0.460245
23,0.25,theta,921,-0.477941,0.094024,0.470198
23,0.25,theta,922,-0.502227,-0.509541,0.472965
23,0.25,theta,923,-0.198673,-0.185055,0.465241
23,0.25,theta,924,-0.251151,-0.056886,0.475851
23,0.25,theta,925,0.512612,0.290293,0.448649
23,0.25,theta,926,1.544504,1.29849,0.555274
23,0.25,theta,927,-0.462914,-0.624186,0.428263
23,0.25,theta,928,-1.003942,-0.15838,0.516685
23,0.25,theta,929,-0.663102,-0.709806,0.469468
23,0.25,theta,930,-0.031077,0.088061,0.467985
23,0.25,theta,931,1.115599,1.14779,0.542598
23,0.25,theta,932,-0.406968,-0.205022,0.500023
23,0.25,theta,933,0.459829,0.443982,0.504007
23,0.25,theta,934,2.112033,1.419655,0.558942
23,0.25,theta,935,0.022764,-0.072913,0.476725
23,0.25,theta,936,1.122686,1.095335,0.534783
23,0.25,theta,937,1.024602,0.644608,0.50225
23,0.25,theta,938,-0.732541,-0.205686,0.518544
23,0.25,theta,939,-1.300062,-0.959863,0.489815
23,0.25,theta,940,0.882181,1.2567,0.54937
23,0.25,theta,941,-0.871999,-0.132288,0.452293
23,0.25,theta,942,1.688893,1.19751,0.560008
23,0.25,theta,943,-0.600108,-0.264525,0.469709
23,0.25,theta,944,1.888685,2.39472,0.612435
23,0.25,theta,945,1.099808,0.295504,0.495663
23,0.25,theta,946,-2.026187,-1.59621,0.524449
23,0.25,theta,947,-1.911126,-1.399265,0.435848
23,0.25,theta,948,-0.051943,-0.192786,0.480434
23,0.25,theta,949,-0.447165,-0.549902,0.44967
23,0.25,theta,950,0.35201,0.326934,0.495856
23,0.25,theta,951,-0.066452,-0.314358,0.482019
23,0.25,theta,952,0.775976,0.495537,0.494981
23,0.25,theta,953,1.49007,1.037845,0.558984
23,0.25,theta,954,-0.661651,-0.822148,0.470764
23,0.25,theta,955,-1.290552,-0.973044,0.443616
23,0.25,theta,956,-1.239707,-0.37787,0.458934
23,0.25,theta,957,-0.522892,-0.35367,0.505241
23,0.25,theta,958,-0.559021,-0.222809,0.477135
23,0.25,theta,959,-0.537241,-0.950421,0.47635
23,0.25,theta,960,0.610188,0.243314,0.500903
23,0.25,theta,961,-0.560164,-0.382064,0.482825
23,0.25,theta,962,0.062061,0.258482,0.476633
23,0.25,theta,963,-0.088464,-0.439032,0.427059
23,0.25,theta,964,-1.405782,-0.997157,0.460496
23,0.25,theta,965,0.60937,1.056725,0.52548
23,0.25,theta,966,0.10312,1.13172,0.557383
23,0.25,theta,967,1.661557,-0.026325,0.50655
23,0.25,theta,968,-1.817996,-0.561364,0.448661
23,0.25,theta,969,-0.208913,-0.735302,0.455174
23,0.25,theta,970,0.188849,0.015874,0.466299
23,0.25,theta,971,-0.971988,0.142758,0.477736
23,0.25,theta,972,-0.686311,-0.099826,0.519242
23,0.25,theta,973,0.469284,0.426241,0.496642
23,0.25,theta,974,1.086514,0.296283,0.471721
23,0.25,theta,975,-0.485869,-0.70487,0.456505
23,0.25,theta,976,-0.034219,-0.575881,0.460203
23,0.25,theta,977,0.951536,1.81224,0.593986
23,0.25,theta,978,-0.2912,0.638181,0.461618
23,0.25,theta,979,-0.033015,-0.634608,0.474141
23,0.25,theta,980,-0.136549,0.121797,0.458776
23,0.25,theta,981,-1.489148,-1.014495,0.448558
23,0.25,theta,982,1.649037,1.71973,0.57705
23,0.25,theta,983,-0.244728,-0.745869,0.456921
23,0.25,theta,984,-0.298062,0.012419,0.451363
23,0.25,theta,985,-0.331847,-7.4e-05,0.484937
23,0.25,theta,986,1.284343,1.349575,0.54101
23,0.25,theta,987,0.013408,0.099047,0.460897
23,0.25,theta,988,0.268551,0.066213,0.510327
23,0.25,theta,989,0.233509,0.736712,0.49023
23,0.25,theta,990,1.875606,1.10418,0.55702
23,0.25,theta,991,0.40265,0.234319,0.512501
23,0.25,theta,992,-0.093169,0.214102,0.482872
23,0.25,theta,993,-1.446081,-0.937468,0.424536
23,0.25,theta,994,-0.337021,-0.143832,0.457169
23,0.25,theta,995,0.795152,1.34562,0.557979
23,0.25,theta,996,-0.208964,-0.082098,0.453031
23,0.25,theta,997,-1.402307,-0.201672,0.44404
23,0.25,theta,998,-1.393523,-0.169529,0.472569
23,0.25,theta,999,-0.046359,-1.0057,0.45975
23,0.25,theta,1000,-1.371741,-1.927275,0.470865
23,0.25,theta,1001,0.181377,0.238962,0.487656
23,0.25,theta,1002,0.280927,0.371956,0.502605
23,0.25,theta,1003,-1.089356,-1.22134,0.458263
23,0.25,theta,1004,-0.551436,-0.718136,0.462011
23,0.25,theta,1005,-0.323627,-0.543838,0.45435
23,0.25,theta,1006,-0.702543,-1.981155,0.509212
23,0.25,theta,1007,0.477624,0.56523,0.48599
23,0.25,theta,1008,-0.661734,-0.307481,0.468372
23,0.25,theta,1009,-1.674778,-1.170885,0.482303
23,0.25,theta,1010,1.040873,1.11823,0.551727
23,0.25,theta,1011,1.309248,0.39149,0.510681
23,0.25,theta,1012,0.638493,0.814426,0.503917
23,0.25,theta,1013,-1.410836,-1.066045,0.443413
23,0.25,theta,1014,1.523941,0.917827,0.499518
23,0.25,theta,1015,0.115003,0.092254,0.483529
23,0.25,theta,1016,2.358756,1.9321,0.605631
23,0.25,theta,1017,-1.038037,-0.843785,0.45788
23,0.25,theta,1018,-0.431047,-0.037774,0.471479
23,0.25,theta,1019,-0.33349,0.198872,0.493087
23,0.25,theta,1020,-0.366712,-0.45877,0.483325
23,0.25,theta,1021,-1.239078,-1.23602,0.44788
23,0.25,theta,1022,1.667224,1.11296,0.557242
23,0.25,theta,1023,-0.239216,-0.761376,0.446246
23,0.25,theta,1024,0.175651,0.846188,0.522965
23,0.25,theta,1025,-0.424694,0.141482,0.509956
23,0.25,theta,1026,0.758189,0.856038,0.529226
23,0.25,theta,1027,0.530508,0.219644,0.43768
23,0.25,theta,1028,-0.169776,-0.198418,0.467932
23,0.25,theta,1029,0.842486,0.962517,0.506107
23,0.25,theta,1030,-1.091387,-0.878141,0.46061
23,0.25,theta,1031,0.118861,0.487,0.48815
23,0.25,theta,1032,-1.358764,-0.544944,0.442258
23,0.25,theta,1033,-0.495168,-0.551227,0.466806
23,0.25,theta,1034,1.34632,1.35957,0.569195
23,0.25,theta,1035,0.656538,1.877675,0.553821
23,0.25,theta,1036,0.467774,0.04233,0.509816
23,0.25,theta,1037,-0.117295,-0.089972,0.454182
23,0.25,theta,1038,1.187805,1.18427,0.548938
23,0.25,theta,1039,1.086309,0.394106,0.505407
23,0.25,theta,1040,-0.324133,-0.475955,0.455363
23,0.25,theta,1041,0.373883,0.63584,0.487992
23,0.25,theta,1042,-1.038534,-1.1523,0.435822
23,0.25,theta,1043,0.879142,0.795503,0.507101
23,0.25,theta,1044,0.110155,-0.322042,0.460675
23,0.25,theta,1045,0.193744,0.362096,0.51462
23,0.25,theta,1046,0.579724,0.867831,0.548685
23,0.25,theta,1047,0.76773,0.783096,0.494457
23,0.25,theta,1048,0.232364,-0.008669,0.500363
23,0.25,theta,1049,0.621567,-0.522525,0.471528
23,0.25,theta,1050,-0.036196,0.380269,0.486726
23,0.25,theta,1051,1.625781,1.02412,0.524239
23,0.25,theta,1052,0.392137,0.184827,0.496054
23,0.25,theta,1053,0.850933,0.637266,0.511156
23,0.25,theta,1054,0.148434,0.406992,0.499646
23,0.25,theta,1055,-0.719954,-0.469878,0.461508
23,0.25,theta,1056,1.01401,0.516135,0.529714
23,0.25,theta,1057,-0.169856,-0.011823,0.479939
23,0.25,theta,1058,-1.838098,-1.14039,0.44941
23,0.25,theta,1059,-0.906725,-1.25271,0.444635
23,0.25,theta,1060,0.283323,0.95849,0.548378
23,0.25,theta,1061,0.302383,0.702814,0.492764
23,0.25,theta,1062,-1.024576,-1.51816,0.460058
23,0.25,theta,1063,1.34242,1.61874,0.575759
23,0.25,theta,1064,-0.472935,-0.580852,0.431736
23,0.25,theta,1065,0.416119,0.187416,0.495847
23,0.25,theta,1066,-0.811668,-0.807349,0.447993
23,0.25,theta,1067,0.533062,0.055638,0.454127
23,0.25,theta,1068,-0.297853,-0.270119,0.457801
23,0.25,theta,1069,-0.558296,-0.642025,0.481897
23,0.25,theta,1070,0.197597,0.808012,0.475783
23,0.25,theta,1071,0.396198,0.614032,0.510481
23,0.25,theta,1072,0.82144,0.64576,0.489673
23,0.25,theta,1073,-0.465004,0.59109,0.527428
23,0.25,theta,1074,0.159999,0.441436,0.527164
23,0.25,theta,1075,0.61143,-0.129352,0.530564
23,0.25,theta,1076,-0.390615,-0.611895,0.480359
23,0.25,theta,1077,-1.234471,-1.60435,0.463097
23,0.25,theta,1078,-2.119582,-1.10103,0.4579
23,0.25,theta,1079,1.768011,1.511575,0.565887
23,0.25,theta,1080,-0.421701,-0.662376,0.446912
23,0.25,theta,1081,-0.035872,0.369046,0.470683
23,0.25,theta,1082,0.193647,0.280188,0.491848
23,0.25,theta,1083,-1.375184,-1.5203,0.490016
23,0.25,theta,1084,-1.950008,-1.82846,0.484008
23,0.25,theta,1085,-1.104771,-1.006555,0.461452
23,0.25,theta,1086,-0.555053,-0.177382,0.493091
23,0.25,theta,1087,-1.629631,-0.770811,0.493657
23,0.25,theta,1088,-0.782236,-0.728968,0.47471
23,0.25,theta,1089,0.32338,0.638756,0.500216
23,0.25,theta,1090,-1.510959,-1.832925,0.486432
23,0.25,theta,1091,1.082837,0.954204,0.515199
23,0.25,theta,1092,1.526701,1.466785,0.575298
23,0.25,theta,1093,0.436867,-0.331018,0.459345
23,0.25,theta,1094,-1.519566,-1.21962,0.502052
23,0.25,theta,1095,0.171316,-0.445496,0.480822
23,0.25,theta,1096,1.431057,1.21621,0.55304
23,0.25,theta,1097,-0.531248,-0.125397,0.49638
23,0.25,theta,1098,0.537723,-0.35932,0.441272
23,0.25,theta,1099,-0.162532,-0.337125,0.465643
23,0.25,theta,1100,-0.654773,-0.875493,0.479544
23,0.25,theta,1101,1.197026,1.148245,0.528815
23,0.25,theta,1102,-1.658912,-2.28276,0.521669
23,0.25,theta,1103,-0.857318,0.226482,0.503477
23,0.25,theta,1104,-0.176162,-1.01239,0.461869
23,0.25,theta,1105,0.209505,-0.261146,0.466396
23,0.25,theta,1106,0.434409,0.649154,0.502488
23,0.25,theta,1107,1.470352,1.560725,0.544492
23,0.25,theta,1108,-0.060064,0.206526,0.483743
23,0.25,theta,1109,-0.44713,-1.39926,0.461117
23,0.25,theta,1110,0.161183,0.425384,0.518334
23,0.25,theta,1111,0.945834,0.404301,0.483865
23,0.25,theta,1112,0.085118,0.610667,0.526978
23,0.25,theta,1113,1.175562,0.90974,0.517635
23,0.25,theta,1114,-0.081718,-0.244291,0.461658
23,0.25,theta,1115,-0.822793,-0.715593,0.451122
23,0.25,theta,1116,1.403186,0.623574,0.497247
23,0.25,theta,1117,0.753661,0.42867,0.52612
23,0.25,theta,1118,-0.324446,0.549048,0.48402
23,0.25,theta,1119,0.883937,1.4459,0.546024
23,0.25,theta,1120,-1.403441,-0.870039,0.434726
23,0.25,theta,1121,-0.497866,-0.36724,0.459733
23,0.25,theta,1122,-0.819335,-1.140825,0.441237
23,0.25,theta,1123,1.799664,1.015825,0.531643
23,0.25,theta,1124,1.098451,0.964924,0.523203
23,0.25,theta,1125,-0.624809,0.294344,0.504108
23,0.25,theta,1126,0.456766,-0.02364,0.469526
23,0.25,theta,1127,0.575889,0.636946,0.498712
23,0.25,theta,1128,0.406941,-0.046315,0.467451
23,0.25,theta,1129,-0.703902,-0.281198,0.447663
23,0.25,theta,1130,-0.572139,-0.149136,0.447852
23,0.25,theta,1131,-0.87644,-0.609248,0.451935
23,0.25,theta,1132,1.513368,1.109675,0.517068
23,0.25,theta,1133,-0.595389,-0.938781,0.448064
23,0.25,theta,1134,-2.086167,-1.92946,0.483127
23,0.25,theta,1135,0.33637,0.727756,0.548935
23,0.25,theta,1136,-0.547223,0.194916,0.494848
23,0.25,theta,1137,0.004705,0.937129,0.546711
23,0.25,theta,1138,0.57682,0.70019,0.54208
23,0.25,theta,1139,1.132,1.556675,0.55483
23,0.25,theta,1140,-1.020151,-0.608612,0.475277
23,0.25,theta,1141,-1.914887,-1.616615,0.480027
23,0.25,theta,1142,0.929844,0.985291,0.533004
23,0.25,theta,1143,2.147601,1.482205,0.560551
23,0.25,theta,1144,0.800569,0.76334,0.514713
23,0.25,theta,1145,0.316473,-0.23575,0.468727
23,0.25,theta,1146,0.774008,0.446648,0.489531
23,0.25,theta,1147,1.069904,0.627106,0.488178
23,0.25,theta,1148,0.052329,0.090014,0.450298
23,0.25,theta,1149,0.688787,0.377676,0.521069
23,0.25,theta,1150,-0.538775,-0.435768,0.437112
23,0.25,theta,1151,1.309684,1.21126,0.538681
23,0.25,theta,1152,-1.416816,-0.949107,0.469172
23,0.25,theta,1153,1.193889,1.169755,0.546314
23,0.25,theta,1154,0.657928,0.966952,0.52584
23,0.25,theta,1155,1.446321,1.282475,0.5281
23,0.25,theta,1156,-0.439478,-0.568521,0.426515
23,0.25,theta,1157,-0.518203,-0.41424,0.468557
23,0.25,theta,1158,1.270475,1.193495,0.55551
23,0.25,theta,1159,-1.666464,-0.966542,0.437165
23,0.25,theta,1160,0.150966,-0.318138,0.420736
23,0.25,theta,1161,0.430079,0.017538,0.514686
23,0.25,theta,1162,0.483715,1.15699,0.533064
23,0.25,theta,1163,-0.002311,-0.414209,0.491017
23,0.25,theta,1164,1.973758,1.85021,0.576827
23,0.25,theta,1165,0.536587,0.791498,0.513613
23,0.25,theta,1166,-0.573197,-0.482953,0.46934
23,0.25,theta,1167,1.140671,0.621528,0.520072
23,0.25,theta,1168,-0.207822,-0.333314,0.47879
23,0.25,theta,1169,-0.005152,0.519182,0.499663
23,0.25,theta,1170,0.338045,-0.303482,0.500413
23,0.25,theta,1171,0.362117,0.019162,0.439517
23,0.25,theta,1172,0.971424,0.741658,0.527299
23,0.25,theta,1173,-0.970472,-0.066916,0.478542
23,0.25,theta,1174,-0.517233,-0.473848,0.4656
23,0.25,theta,1175,1.578524,1.116005,0.558592
23,0.25,theta,1176,0.003457,0.094712,0.480028
23,0.25,theta,1177,-0.152839,-0.314016,0.474823
23,0.25,theta,1178,-0.211652,-0.22038,0.476427
23,0.25,theta,1179,-0.038808,0.373918,0.480499
23,0.25,theta,1180,-0.273377,0.317584,0.489807
23,0.25,theta,1181,-0.969503,-1.536745,0.463673
23,0.25,theta,1182,-0.317318,-0.824516,0.448736
23,0.25,theta,1183,0.645074,0.998519,0.537058
23,0.25,theta,1184,-1.972852,-0.694616,0.454172
23,0.25,theta,1185,0.114024,-0.366962,0.451636
23,0.25,theta,1186,-0.715961,0.232094,0.482609
23,0.25,theta,1187,0.367482,0.183269,0.457812
23,0.25,theta,1188,2.24769,1.528855,0.564022
23,0.25,theta,1189,-0.168137,-0.318332,0.48637
23,0.25,theta,1190,0.15878,0.584526,0.496497
23,0.25,theta,1191,-0.504687,0.004086,0.50521
23,0.25,theta,1192,1.781394,1.19558,0.545641
23,0.25,theta,1193,0.301621,-1.206535,0.458896
23,0.25,theta,1194,-0.212382,0.159602,0.466011
23,0.25,theta,1195,-0.361688,-1.38754,0.523457
23,0.25,theta,1196,0.329936,0.268574,0.490157
23,0.25,theta,1197,0.145751,-0.958405,0.445299
23,0.25,theta,1198,1.664383,0.738449,0.509132
23,0.25,theta,1199,-0.941087,-0.267512,0.493153
23,0.25,theta,1200,0.088469,-0.516023,0.465818
23,0.25,theta,1201,-1.368655,-1.327425,0.48216
23,0.25,theta,1202,-0.642733,-0.455972,0.471146
23,0.25,theta,1203,0.441496,0.426962,0.53432
23,0.25,theta,1204,-0.552596,-1.18434,0.471454
23,0.25,theta,1205,0.121288,-0.255008,0.48131
23,0.25,theta,1206,0.258186,-0.516073,0.438164
23,0.25,theta,1207,0.006451,-0.611556,0.484917
23,0.25,theta,1208,1.261388,1.034785,0.532141
23,0.25,theta,1209,0.407975,0.574977,0.511386
23,0.25,theta,1210,0.636315,0.626453,0.550839
23,0.25,theta,1211,-0.141092,-0.797116,0.477029
23,0.25,theta,1212,-0.064929,-1.200375,0.459444
23,0.25,theta,1213,-0.563537,-0.051161,0.497346
23,0.25,theta,1214,0.43601,0.722135,0.525456
23,0.25,theta,1215,-0.014799,-0.29097,0.477134
23,0.25,theta,1216,3.938067,2.887845,0.623647
23,0.25,theta,1217,-0.61029,0.169535,0.476477
23,0.25,theta,1218,-0.353656,0.009068,0.449271
23,0.25,theta,1219,0.008723,0.275592,0.466266
23,0.25,theta,1220,-1.215312,-1.181915,0.493168
23,0.25,theta,1221,-0.240789,0.550466,0.487255
23,0.25,theta,1222,-0.669963,-0.649857,0.482061
23,0.25,theta,1223,-1.470456,-1.254565,0.435476
23,0.25,theta,1224,0.721932,0.49068,0.514153
23,0.25,theta,1225,0.262464,0.466708,0.493194
23,0.25,theta,1226,0.268656,0.187541,0.484048
23,0.25,theta,1227,-1.688696,-0.585185,0.489472
23,0.25,theta,1228,-0.525232,-1.532255,0.482603
23,0.25,theta,1229,-0.173038,0.062652,0.508063
23,0.25,theta,1230,-0.104627,0.224982,0.480068
23,0.25,theta,1231,-1.445009,-2.05535,0.500413
23,0.25,theta,1232,0.228416,0.087805,0.487693
23,0.25,theta,1233,0.798338,0.633066,0.490533
23,0.25,theta,1234,-1.204331,-1.547205,0.452005
23,0.25,theta,1235,0.798873,0.269176,0.477271
23,0.25,theta,1236,-1.778021,-1.72894,0.497285
23,0.25,theta,1237,0.750615,0.692494,0.481555
23,0.25,theta,1238,-1.114488,-1.098025,0.466744
23,0.25,theta,1239,-0.611295,-0.529362,0.445313
23,0.25,theta,1240,-0.579129,-1.062355,0.471714
23,0.25,theta,1241,-0.456592,-0.217768,0.470505
23,0.25,theta,1242,-0.537533,-0.020712,0.452791
23,0.25,theta,1243,1.214828,0.751634,0.503244
23,0.25,theta,1244,0.825712,0.214383,0.483488
23,0.25,theta,1245,1.304483,0.825659,0.547188
23,0.25,theta,1246,0.456567,-0.42976,0.450283
23,0.25,theta,1247,-1.170702,-1.214885,0.481076
23,0.25,theta,1248,-0.162556,-1.470485,0.463389
23,0.25,theta,1249,-2.164769,-1.00516,0.467946
23,0.25,theta,1250,1.044093,0.507226,0.487355
23,0.25,theta,1251,0.011905,0.227716,0.479327
23,0.25,theta,1252,1.621897,1.74823,0.582618
23,0.25,theta,1253,-0.341624,0.666788,0.518566
23,0.25,theta,1254,0.46136,0.081024,0.435176
23,0.25,theta,1255,-0.93921,0.16205,0.520277
23,0.25,theta,1256,1.853886,0.997493,0.533541
23,0.25,theta,1257,-0.146396,-0.11956,0.514162
23,0.25,theta,1258,1.477051,1.095705,0.549486
23,0.25,theta,1259,0.260686,0.682182,0.542241
23,0.25,theta,1260,0.156608,0.443974,0.511477
23,0.25,theta,1261,-0.296932,-0.418234,0.454334
23,0.25,theta,1262,0.547452,0.474832,0.4987
23,0.25,theta,1263,-1.253463,-1.303405,0.479952
23,0.25,theta,1264,-0.186928,-0.658294,0.466594
23,0.25,theta,1265,-0.543557,0.301974,0.494547
23,0.25,theta,1266,1.48089,1.3788,0.570954
23,0.25,theta,1267,-0.460019,-0.305678,0.484848
23,0.25,theta,1268,0.437569,0.541925,0.526696
23,0.25,theta,1269,-0.748623,-0.658809,0.460498
23,0.25,theta,1270,-0.806631,-0.736002,0.436981
23,0.25,theta,1271,0.095457,-0.313168,0.454013
23,0.25,theta,1272,-0.628357,-0.851887,0.482202
23,0.25,theta,1273,0.354246,0.21443,0.504946
23,0.25,theta,1274,-1.707203,-1.35258,0.505767
23,0.25,theta,1275,-0.425158,-0.915882,0.474111
23,0.25,theta,1276,1.046377,1.27573,0.547828
23,0.25,theta,1277,-1.27685,-1.613395,0.498017
23,0.25,theta,1278,1.759827,1.420265,0.580058
23,0.25,theta,1279,0.198842,0.572264,0.519116
23,0.25,theta,1280,0.297386,-0.022944,0.503019
23,0.25,theta,1281,2.034318,1.132555,0.54513
23,0.25,theta,1282,1.025331,0.851206,0.50455
23,0.25,theta,1283,-0.560937,-0.844712,0.474122
23,0.25,theta,1284,0.803133,1.03518,0.534615
23,0.25,theta,1285,0.356331,0.709277,0.541575
23,0.25,theta,1286,0.320223,0.351642,0.514259
23,0.25,theta,1287,-1.607101,-1.49496,0.46055
23,0.25,theta,1288,-0.365991,-0.151061,0.486337
23,0.25,theta,1289,0.335877,0.238607,0.465831
23,0.25,theta,1290,-0.306975,0.20359,0.4747
23,0.25,theta,1291,-0.513906,-0.734802,0.43839
23,0.25,theta,1292,-1.925499,-1.63524,0.467918
23,0.25,theta,1293,0.512746,0.39218,0.502056
23,0.25,theta,1294,0.873359,0.904922,0.532353
23,0.25,theta,1295,0.011421,0.490512,0.499904
23,0.25,theta,1296,-1.102038,-0.98825,0.499502
23,0.25,theta,1297,0.171444,-0.490667,0.454454
23,0.25,theta,1298,-0.903932,-1.21736,0.454234
23,0.25,theta,1299,1.040821,1.23599,0.529518
23,0.25,theta,1300,3.055944,2.127335,0.593479
23,0.25,theta,1301,-0.067366,0.33387,0.480358
23,0.25,theta,1302,-0.636043,-0.936752,0.422175
23,0.25,theta,1303,-0.602126,-0.311058,0.462038
23,0.25,theta,1304,-1.912936,-1.862545,0.528874
23,0.25,theta,1305,0.179869,-0.256818,0.479917
23,0.25,theta,1306,-1.187843,-1.32426,0.451482
23,0.25,theta,1307,-1.805396,-2.16012,0.509151
23,0.25,theta,1308,0.563165,0.552736,0.536564
23,0.25,theta,1309,0.733805,0.308826,0.475352
23,0.25,theta,1310,0.29264,0.358138,0.486813
23,0.25,theta,1311,0.92518,1.136485,0.546879
23,0.25,theta,1312,-0.140545,0.093593,0.433357
23,0.25,theta,1313,-0.411551,0.076514,0.475228
23,0.25,theta,1314,-1.235577,-0.992069,0.430542
23,0.25,theta,1315,-0.902346,-1.218855,0.466807
23,0.25,theta,1316,0.600311,0.509899,0.51093
23,0.25,theta,1317,0.533156,-0.819584,0.467489
23,0.25,theta,1318,0.112241,-0.246666,0.45498
23,0.25,theta,1319,2.414064,1.696275,0.60319
23,0.25,theta,1320,-1.332585,-0.760158,0.446853
23,0.25,theta,1321,0.205709,0.021329,0.48141
23,0.25,theta,1322,-0.906454,-0.48598,0.478508
23,0.25,theta,1323,-0.176359,0.551658,0.496621
23,0.25,theta,1324,-0.902961,-0.850245,0.435617
23,0.25,theta,1325,-1.221244,-0.021736,0.516554
23,0.25,theta,1326,0.014317,0.318883,0.513576
23,0.25,theta,1327,1.139389,0.85682,0.505762
23,0.25,theta,1328,1.739546,0.396466,0.510504
23,0.25,theta,1329,-0.798228,-1.49107,0.455565
23,0.25,theta,1330,0.279733,1.116295,0.519474
23,0.25,theta,1331,-1.512557,-1.083415,0.469587
23,0.25,theta,1332,-0.063955,0.399476,0.518581
23,0.25,theta,1333,0.182855,0.76756,0.522567
23,0.25,theta,1334,-0.638738,-0.912904,0.489942
23,0.25,theta,1335,1.726754,1.368025,0.553914
23,0.25,theta,1336,-0.26384,0.441021,0.505367
23,0.25,theta,1337,0.176114,-0.104515,0.504291
23,0.25,theta,1338,-1.205469,-0.241462,0.47647
23,0.25,theta,1339,0.124845,-0.660875,0.501565
23,0.25,theta,1340,1.407588,1.00141,0.53925
23,0.25,theta,1341,0.526994,0.23428,0.48744
23,0.25,theta,1342,-0.922969,-1.156385,0.434964
23,0.25,theta,1343,0.082293,-0.049657,0.488438
23,0.25,theta,1344,1.928634,1.182425,0.537997
23,0.25,theta,1345,0.194695,0.153891,0.520765
23,0.25,theta,1346,-0.514088,0.060876,0.495236
23,0.25,theta,1347,-0.869377,0.216907,0.447248
23,0.25,theta,1348,-1.393378,-1.48566,0.489903
23,0.25,theta,1349,0.290089,-0.126551,0.471724
23,0.25,theta,1350,-0.371708,-0.074398,0.514216
23,0.25,theta,1351,-0.845685,-0.480534,0.500331
23,0.25,theta,1352,-2.267001,-1.367335,0.453208
23,0.25,theta,1353,0.073017,-0.270276,0.480216
23,0.25,theta,1354,2.137089,1.6203,0.600326
23,0.25,theta,1355,-1.439651,-0.932776,0.478821
23,0.25,theta,1356,0.737591,0.032355,0.497919
23,0.25,theta,1357,-0.341602,-0.598898,0.429967
23,0.25,theta,1358,1.004964,0.601589,0.496333
23,0.25,theta,1359,0.96905,1.131575,0.521246
23,0.25,theta,1360,-1.185528,-0.921811,0.454325
23,0.25,theta,1361,1.514031,1.37238,0.555339
23,0.25,theta,1362,-1.486593,-1.993935,0.494616
23,0.25,theta,1363,-0.765213,-0.636152,0.479758
23,0.25,theta,1364,-0.493342,-0.373172,0.44458
23,0.25,theta,1365,0.547217,0.212368,0.468767
23,0.25,theta,1366,-2.047697,-0.892888,0.476784
23,0.25,theta,1367,-2.439135,-0.646104,0.445359
23,0.25,theta,1368,-0.421298,-0.600164,0.441983
23,0.25,theta,1369,-0.052239,0.783268,0.534472
23,0.25,theta,1370,-1.081323,-0.093169,0.466589
23,0.25,theta,1371,1.120089,2.00161,0.589564
23,0.25,theta,1372,0.243907,0.139578,0.462366
23,0.25,theta,1373,-0.770066,-0.541666,0.456492
23,0.25,theta,1374,1.345346,1.018585,0.547776
23,0.25,theta,1375,-0.988024,-0.330003,0.469613
23,0.25,theta,1376,-0.584979,-0.43192,0.462011
23,0.25,theta,1377,-0.297105,-0.051754,0.484844
23,0.25,theta,1378,0.529579,0.961684,0.524674
23,0.25,theta,1379,1.173565,0.97024,0.52326
23,0.25,theta,1380,0.946134,0.182036,0.51177
23,0.25,theta,1381,-1.641249,-1.07684,0.460246
23,0.25,theta,1382,-0.645768,-0.282256,0.432358
23,0.25,theta,1383,-0.20035,0.085173,0.49286
23,0.25,theta,1384,-0.365523,-0.772585,0.430873
23,0.25,theta,1385,-0.289234,0.071859,0.474326
23,0.25,theta,1386,-0.690161,0.138086,0.50582
23,0.25,theta,1387,-0.013005,-0.16946,0.457967
23,0.25,theta,1388,0.493197,0.69151,0.493657
23,0.25,theta,1389,-1.350215,-2.19982,0.515747
23,0.25,theta,1390,-0.190849,-0.069574,0.465101
23,0.25,theta,1391,1.8871,1.935835,0.586851
23,0.25,theta,1392,0.006719,0.643468,0.527374
23,0.25,theta,1393,-0.247532,0.427152,0.504335
23,0.25,theta,1394,0.701027,0.279178,0.505349
23,0.25,theta,1395,-0.482499,-0.968254,0.450696
23,0.25,theta,1396,1.131483,1.788965,0.607379
23,0.25,theta,1397,-1.578966,-1.82133,0.481726
23,0.25,theta,1398,-0.180381,-0.172008,0.45242
23,0.25,theta,1399,0.92882,0.793544,0.501779
23,0.25,theta,1400,-0.93416,-0.533539,0.431174
23,0.25,theta,1401,-1.360787,-0.588549,0.46549
23,0.25,theta,1402,-0.794677,-0.831049,0.444792
23,0.25,theta,1403,0.182732,0.314068,0.514121
23,0.25,theta,1404,-0.362791,-0.66565,0.462496
23,0.25,theta,1405,-0.747645,-0.090429,0.501018
23,0.25,theta,1406,0.503337,-0.188784,0.490703
23,0.25,theta,1407,2.032146,1.190355,0.525013
23,0.25,theta,1408,-0.339494,-0.916858,0.429333
23,0.25,theta,1409,-0.626202,-0.682999,0.427507
23,0.25,theta,1410,0.341158,0.073344,0.414738
23,0.25,theta,1411,-3.963862,-1.3672,0.483611
23,0.25,theta,1412,0.283903,0.626678,0.527307
23,0.25,theta,1413,0.821869,0.778512,0.514422
23,0.25,theta,1414,0.758059,0.212676,0.480393
23,0.25,theta,1415,-1.103365,-1.4982,0.46311
23,0.25,theta,1416,-0.328967,-1.024615,0.471373
23,0.25,theta,1417,0.10136,-0.567398,0.448508
23,0.25,theta,1418,-0.735063,-0.596461,0.449785
23,0.25,theta,1419,-0.875688,-1.0482,0.427551
23,0.25,theta,1420,0.253897,-0.364881,0.443605
23,0.25,theta,1421,-0.618795,-0.365761,0.460772
23,0.25,theta,1422,-0.572222,-1.49819,0.483962
23,0.25,theta,1423,0.249836,0.369112,0.470864
23,0.25,theta,1424,-1.282536,-1.43426,0.485424
23,0.25,theta,1425,0.903215,0.580358,0.494879
23,0.25,theta,1426,0.47204,-0.131891,0.484108
23,0.25,theta,1427,-0.585091,-0.932323,0.414996
23,0.25,theta,1428,0.718193,0.759465,0.487748
23,0.25,theta,1429,0.509481,0.311622,0.481175
23,0.25,theta,1430,-0.739819,-1.01768,0.444071
23,0.25,theta,1431,0.133159,-0.227968,0.44303
23,0.25,theta,1432,-0.077695,-0.284431,0.461326
23,0.25,theta,1433,0.922954,0.034429,0.504731
23,0.25,theta,1434,0.860381,0.227862,0.502907
23,0.25,theta,1435,0.258368,0.665483,0.517623
23,0.25,theta,1436,0.625156,0.878068,0.478839
23,0.25,theta,1437,-1.686001,-1.396755,0.476922
23,0.25,theta,1438,-1.009815,-1.36874,0.486561
23,0.25,theta,1439,-0.304919,-0.123494,0.504838
23,0.25,theta,1440,0.260593,0.019367,0.471204
23,0.25,theta,1441,0.69737,0.58355,0.499613
23,0.25,theta,1442,0.997102,0.967355,0.527626
23,0.25,theta,1443,-0.740014,-0.409613,0.458872
23,0.25,theta,1444,-0.1609,0.241434,0.503628
23,0.25,theta,1445,0.283005,0.219751,0.461093
23,0.25,theta,1446,-1.025065,-0.603167,0.450539
23,0.25,theta,1447,0.699537,0.534393,0.4799
23,0.25,theta,1448,1.46411,1.156425,0.56548
23,0.25,theta,1449,-0.208773,0.309352,0.545225
23,0.25,theta,1450,0.121075,-0.259614,0.473314
23,0.25,theta,1451,2.274646,1.724725,0.576199
23,0.25,theta,1452,-0.270607,-0.204754,0.441605
23,0.25,theta,1453,-0.230036,-0.598994,0.440137
23,0.25,theta,1454,-0.124893,-0.594515,0.450958
23,0.25,theta,1455,-2.060441,-2.237575,0.525099
23,0.25,theta,1456,1.363254,1.320325,0.566878
23,0.25,theta,1457,2.04593,1.257295,0.586104
23,0.25,theta,1458,0.800624,0.699769,0.531165
23,0.25,theta,1459,1.680313,0.493252,0.475369
23,0.25,theta,1460,-0.6778,-0.551535,0.463753
23,0.25,theta,1461,0.979393,0.88541,0.510811
23,0.25,theta,1462,0.673643,0.426323,0.488276
23,0.25,theta,1463,-0.352056,-0.808561,0.431166
23,0.25,theta,1464,0.892349,0.846705,0.501967
23,0.25,theta,1465,0.175855,0.144437,0.441731
23,0.25,theta,1466,0.243724,-0.328124,0.475136
23,0.25,theta,1467,0.528921,0.43345,0.506155
23,0.25,theta,1468,0.327624,0.633231,0.508446
23,0.25,theta,1469,-0.08381,-0.578668,0.47789
23,0.25,theta,1470,1.300356,0.926781,0.519463
23,0.25,theta,1471,-2.05031,-2.377255,0.528272
23,0.25,theta,1472,0.21923,-0.445892,0.480361
23,0.25,theta,1473,-0.259374,0.29484,0.481292
23,0.25,theta,1474,1.278365,0.950912,0.532262
23,0.25,theta,1475,-0.057975,0.284149,0.461327
23,0.25,theta,1476,-2.649417,-2.46491,0.53153
23,0.25,theta,1477,-0.176423,-0.536708,0.476113
23,0.25,theta,1478,1.020811,1.63439,0.564549
23,0.25,theta,1479,1.069396,0.61035,0.490848
23,0.25,theta,1480,1.695473,1.935535,0.610451
23,0.25,theta,1481,-0.290633,0.013759,0.510512
23,0.25,theta,1482,-0.012903,-0.737362,0.482786
23,0.25,theta,1483,0.208154,-0.278226,0.476879
23,0.25,theta,1484,-1.833625,-2.19565,0.522565
23,0.25,theta,1485,0.069478,-0.35042,0.453203
23,0.25,theta,1486,1.061302,0.862978,0.512107
23,0.25,theta,1487,-0.3325,-0.709789,0.431165
23,0.25,theta,1488,0.894817,0.53999,0.522948
23,0.25,theta,1489,-0.453862,-0.042562,0.450922
23,0.25,theta,1490,-0.475172,-0.634546,0.447633
23,0.25,theta,1491,1.098362,0.530749,0.476397
23,0.25,theta,1492,-0.482062,-0.151794,0.487934
23,0.25,theta,1493,-0.717339,-0.808145,0.457822
23,0.25,theta,1494,1.535369,0.986778,0.54208
23,0.25,theta,1495,0.304765,0.089419,0.482982
23,0.25,theta,1496,0.347127,0.189725,0.476086
23,0.25,theta,1497,1.641315,1.096,0.52781
23,0.25,theta,1498,-1.787803,-1.37613,0.481061
23,0.25,theta,1499,2.123009,1.563235,0.594037
23,0.25,theta,1500,1.279375,1.380765,0.574465
23,0.25,beta,1,-1.872214,-1.80809,0.227056
23,0.25,beta,2,-1.859928,-2.18749,0.243456
23,0.25,beta,3,-1.83805,-2.184075,0.225877
23,0.25,beta,4,-1.562529,-1.875425,0.211684
23,0.25,beta,5,-1.553881,-2.02029,0.21737
23,0.25,beta,6,-1.548193,-1.918905,0.214221
23,0.25,beta,7,-1.52648,-1.682525,0.209958
23,0.25,beta,8,-1.505006,-1.76317,0.193894
23,0.25,beta,9,-1.4898,-2.03865,0.215313
23,0.25,beta,10,-1.393686,-1.571275,0.181375
23,0.25,beta,11,-1.368873,-1.498055,0.206471
23,0.25,beta,12,-1.259741,-1.756985,0.197879
23,0.25,beta,13,-1.220337,-1.8853,0.231744
23,0.25,beta,14,-1.208438,-1.26479,0.168016
23,0.25,beta,15,-1.166284,-1.42099,0.191005
23,0.25,beta,16,-1.149247,-1.646325,0.205625
23,0.25,beta,17,-1.135075,-1.320395,0.191568
23,0.25,beta,18,-1.117165,-1.246255,0.192568
23,0.25,beta,19,-1.073802,-1.47795,0.20158
23,0.25,beta,20,-1.042581,-1.372425,0.169005
23,0.25,beta,21,-1.022378,-1.60322,0.190881
23,0.25,beta,22,-1.015617,-1.46193,0.184187
23,0.25,beta,23,-1.013966,-1.518845,0.199465
23,0.25,beta,24,-0.96424,-1.34983,0.19527
23,0.25,beta,25,-0.928886,-1.03854,0.16695
23,0.25,beta,26,-0.89055,-1.601245,0.194366
23,0.25,beta,27,-0.880016,-1.332945,0.173126
23,0.25,beta,28,-0.878109,-1.740085,0.219691
23,0.25,beta,29,-0.861118,-1.04656,0.162568
23,0.25,beta,30,-0.787947,-1.13826,0.204863
23,0.25,beta,31,-0.780131,-1.378285,0.203027
23,0.25,beta,32,-0.772736,-1.31634,0.183318
23,0.25,beta,33,-0.74835,-1.04651,0.183974
23,0.25,beta,34,-0.713611,-1.176,0.189372
23,0.25,beta,35,-0.671068,-1.117625,0.169469
23,0.25,beta,36,-0.663356,-1.07441,0.176452
23,0.25,beta,37,-0.658493,-1.181065,0.159972
23,0.25,beta,38,-0.65633,-1.44537,0.190271
23,0.25,beta,39,-0.587338,-0.98379,0.167864
23,0.25,beta,40,-0.580675,-0.845338,0.173143
23,0.25,beta,41,-0.572277,-1.152475,0.159932
23,0.25,beta,42,-0.549767,-1.02101,0.1713
23,0.25,beta,43,-0.549612,-1.08073,0.159639
23,0.25,beta,44,-0.529684,-1.28567,0.172115
23,0.25,beta,45,-0.518415,-1.16578,0.18852
23,0.25,beta,46,-0.501442,-0.862327,0.18413
23,0.25,beta,47,-0.501429,-1.08237,0.19995
23,0.25,beta,48,-0.497251,-1.12642,0.182615
23,0.25,beta,49,-0.457552,-1.375155,0.183301
23,0.25,beta,50,-0.425331,-0.79106,0.167958
23,0.25,beta,51,-0.385308,-0.919594,0.174604
23,0.25,beta,52,-0.356405,-0.88523,0.156924
23,0.25,beta,53,-0.355496,-0.821762,0.155614
23,0.25,beta,54,-0.333607,-0.88713,0.165829
23,0.25,beta,55,-0.302633,-1.05732,0.186719
23,0.25,beta,56,-0.287038,-1.08248,0.165178
23,0.25,beta,57,-0.283479,-0.993809,0.184558
23,0.25,beta,58,-0.26118,-0.588331,0.159206
23,0.25,beta,59,-0.258938,-0.732456,0.161626
23,0.25,beta,60,-0.254047,-0.851582,0.210407
23,0.25,beta,61,-0.234845,-1.149515,0.185661
23,0.25,beta,62,-0.225052,-0.63819,0.158691
23,0.25,beta,63,-0.214757,-1.049555,0.167078
23,0.25,beta,64,-0.212701,-0.426784,0.15862
23,0.25,beta,65,-0.208436,-1.120405,0.204018
23,0.25,beta,66,-0.199664,-0.701172,0.152262
23,0.25,beta,67,-0.173477,-0.589574,0.176624
23,0.25,beta,68,-0.166573,-1.00673,0.188191
23,0.25,beta,69,-0.143474,-0.589366,0.159472
23,0.25,beta,70,-0.128811,-0.714708,0.169591
23,0.25,beta,71,-0.126502,-0.979811,0.19475
23,0.25,beta,72,-0.109546,-0.599146,0.144806
23,0.25,beta,73,-0.09011,-0.75765,0.183125
23,0.25,beta,74,-0.069634,-0.447645,0.152102
23,0.25,beta,75,-0.062695,-0.73488,0.147521
23,0.25,beta,76,-0.061496,-0.826156,0.173339
23,0.25,beta,77,-0.056473,-0.539029,0.154437
23,0.25,beta,78,-0.020113,-0.70972,0.159981
23,0.25,beta,79,-0.002142,-0.912179,0.183438
23,0.25,beta,80,0.050135,-0.8531,0.198462
23,0.25,beta,81,0.074489,-0.302639,0.155735
23,0.25,beta,82,0.112377,-0.468524,0.16752
23,0.25,beta,83,0.115293,-0.862554,0.17425
23,0.25,beta,84,0.132256,-0.515133,0.154974
23,0.25,beta,85,0.186963,-0.320956,0.140816
23,0.25,beta,86,0.193027,-0.493236,0.153452
23,0.25,beta,87,0.334716,-0.417498,0.158394
23,0.25,beta,88,0.409741,-0.2161,0.151758
23,0.25,beta,89,0.410888,-0.723055,0.162691
23,0.25,beta,90,0.412883,-0.163186,0.148437
23,0.25,beta,91,0.434151,-0.363408,0.15813
23,0.25,beta,92,0.449334,-0.513038,0.184294
23,0.25,beta,93,0.460855,-0.273976,0.148414
23,0.25,beta,94,0.485082,-0.318206,0.157439
23,0.25,beta,95,0.487374,-0.522992,0.151107
23,0.25,beta,96,0.570937,-0.263849,0.146063
23,0.25,beta,97,0.615765,-0.216096,0.151214
23,0.25,beta,98,0.621299,-0.304976,0.162378
23,0.25,beta,99,0.628461,-0.176263,0.151561
23,0.25,beta,100,0.631984,-0.280774,0.13962
23,0.25,beta,101,0.666804,-0.305706,0.145245
23,0.25,beta,102,0.687088,0.023491,0.148771
23,0.25,beta,103,0.740495,-0.074577,0.169833
23,0.25,beta,104,0.744856,-0.164622,0.157208
23,0.25,beta,105,0.760906,0.010027,0.154431
23,0.25,beta,106,0.76236,-0.156001,0.146996
23,0.25,beta,107,0.802052,-0.226136,0.172466
23,0.25,beta,108,0.805184,-0.187034,0.152222
23,0.25,beta,109,0.814335,0.264606,0.153331
23,0.25,beta,110,0.843496,0.029526,0.164456
23,0.25,beta,111,0.87108,0.140528,0.151896
23,0.25,beta,112,0.884755,-0.209315,0.148828
23,0.25,beta,113,0.917303,-0.204114,0.147801
23,0.25,beta,114,0.964925,0.218023,0.173046
23,0.25,beta,115,1.016995,0.308865,0.147718
23,0.25,beta,116,1.024499,0.235982,0.149073
23,0.25,beta,117,1.090939,-0.009898,0.148915
23,0.25,beta,118,1.118573,0.084878,0.142041
23,0.25,beta,119,1.123984,0.094935,0.147461
23,0.25,beta,120,1.212238,-0.019905,0.151007
23,0.25,beta,121,1.299428,0.423926,0.150166
23,0.25,beta,122,1.401755,0.433907,0.157532
23,0.25,beta,123,1.66222,0.542464,0.16604
23,0.25,beta,124,1.672906,0.609865,0.150971
23,0.25,beta,125,1.825544,0.464594,0.16896
23,0.25,beta,126,2.575553,1.241085,0.178083
23,0.25,beta,127,2.831846,0.304517,0.16233
23,0.25,beta,128,3.148176,1.85691,0.24445
23,0.25,alpha,1,1.768037,1.0732,0.256715
23,0.25,alpha,2,0.901819,0.883784,0.231354
23,0.25,alpha,3,0.809881,0.891252,0.222673
23,0.25,alpha,4,0.710207,0.975897,0.215139
23,0.25,alpha,5,0.502325,0.768196,0.193347
23,0.25,alpha,6,0.819037,0.925285,0.240665
23,0.25,alpha,7,1.621853,1.067435,0.240071
23,0.25,alpha,8,0.705357,0.654658,0.16266
23,0.25,alpha,9,0.381674,0.742405,0.188588
23,0.25,alpha,10,0.805056,0.682329,0.170377
23,0.25,alpha,11,1.566276,1.16227,0.262683
23,0.25,alpha,12,0.465535,0.631214,0.17143
23,0.25,alpha,13,1.050524,1.06798,0.258515
23,0.25,alpha,14,0.882564,0.501358,0.12645
23,0.25,alpha,15,1.81373,0.922642,0.219557
23,0.25,alpha,16,0.947366,0.745395,0.188396
23,0.25,alpha,17,1.370423,1.128085,0.237988
23,0.25,alpha,18,1.949386,1.297855,0.249768
23,0.25,alpha,19,0.859346,0.865702,0.206697
23,0.25,alpha,20,0.487207,0.478489,0.132519
23,0.25,alpha,21,0.700521,0.812418,0.203898
23,0.25,alpha,22,0.526253,0.636418,0.164963
23,0.25,alpha,23,1.173285,0.909473,0.219751
23,0.25,alpha,24,1.513801,1.14348,0.237338
23,0.25,alpha,25,1.055579,0.821581,0.192605
23,0.25,alpha,26,0.88577,0.944707,0.216924
23,0.25,alpha,27,0.359587,0.600702,0.151326
23,0.25,alpha,28,1.40148,1.16803,0.254553
23,0.25,alpha,29,1.604324,0.759937,0.17736
23,0.25,alpha,30,1.981928,1.309235,0.28236
23,0.25,alpha,31,0.955094,0.752762,0.191354
23,0.25,alpha,32,0.485132,0.663092,0.166019
23,0.25,alpha,33,1.397108,0.926438,0.218703
23,0.25,alpha,34,1.281313,1.227925,0.267313
23,0.25,alpha,35,1.282635,0.68647,0.171187
23,0.25,alpha,36,1.225233,0.859777,0.200337
23,0.25,alpha,37,0.612647,0.645878,0.15645
23,0.25,alpha,38,1.142915,0.831702,0.194248
23,0.25,alpha,39,1.094304,0.857016,0.193472
23,0.25,alpha,40,1.541153,0.910517,0.198397
23,0.25,alpha,41,0.951803,0.638196,0.157334
23,0.25,alpha,42,0.972503,0.597977,0.146215
23,0.25,alpha,43,0.74367,0.786314,0.183161
23,0.25,alpha,44,0.532541,0.604775,0.150661
23,0.25,alpha,45,1.709261,1.079615,0.240523
23,0.25,alpha,46,3.222237,1.35657,0.282741
23,0.25,alpha,47,1.783689,1.27519,0.291727
23,0.25,alpha,48,1.091155,1.037965,0.219462
23,0.25,alpha,49,1.028417,0.832723,0.198393
23,0.25,alpha,50,1.671998,0.82918,0.182971
23,0.25,alpha,51,0.97717,0.710715,0.175935
23,0.25,alpha,52,0.653635,0.498976,0.127878
23,0.25,alpha,53,1.146423,0.883338,0.183795
23,0.25,alpha,54,1.057262,0.666902,0.16485
23,0.25,alpha,55,2.274749,1.09123,0.256679
23,0.25,alpha,56,0.613834,0.564682,0.152549
23,0.25,alpha,57,1.696346,1.180625,0.235538
23,0.25,alpha,58,0.727913,0.713329,0.173283
23,0.25,alpha,59,1.042946,0.799808,0.183193
23,0.25,alpha,60,2.283237,1.68436,0.347795
23,0.25,alpha,61,1.604602,1.105805,0.22572
23,0.25,alpha,62,0.541797,0.637229,0.162404
23,0.25,alpha,63,1.240453,0.96269,0.226144
23,0.25,alpha,64,1.130759,0.742719,0.18163
23,0.25,alpha,65,2.829312,1.27557,0.26157
23,0.25,alpha,66,0.889364,0.888424,0.199549
23,0.25,alpha,67,3.319556,1.172785,0.2446
23,0.25,alpha,68,1.236144,1.4273,0.286233
23,0.25,alpha,69,0.681241,0.672003,0.173468
23,0.25,alpha,70,2.119208,0.925946,0.206299
23,0.25,alpha,71,1.244406,1.167335,0.25711
23,0.25,alpha,72,0.322654,0.397409,0.107042
23,0.25,alpha,73,1.766106,1.354065,0.267627
23,0.25,alpha,74,0.823381,0.532948,0.134858
23,0.25,alpha,75,0.754121,0.40467,0.109413
23,0.25,alpha,76,1.63385,1.12558,0.223718
23,0.25,alpha,77,1.065236,0.931309,0.215051
23,0.25,alpha,78,0.770644,0.778664,0.181512
23,0.25,alpha,79,2.252562,1.15921,0.242624
23,0.25,alpha,80,1.748799,1.489565,0.336527
23,0.25,alpha,81,1.104369,0.753398,0.187029
23,0.25,alpha,82,0.788315,0.93729,0.216727
23,0.25,alpha,83,0.961835,0.893292,0.206345
23,0.25,alpha,84,0.519909,0.639908,0.161819
23,0.25,alpha,85,0.561436,0.407827,0.102476
23,0.25,alpha,86,1.401593,1.08014,0.224981
23,0.25,alpha,87,0.799208,0.878902,0.192633
23,0.25,alpha,88,1.080845,0.917139,0.193663
23,0.25,alpha,89,1.932766,1.154235,0.233711
23,0.25,alpha,90,1.17976,0.599759,0.156346
23,0.25,alpha,91,2.154952,0.788471,0.193662
23,0.25,alpha,92,2.600373,1.703325,0.344389
23,0.25,alpha,93,0.67197,0.447594,0.111679
23,0.25,alpha,94,1.312778,0.99718,0.222598
23,0.25,alpha,95,0.781472,0.561184,0.139777
23,0.25,alpha,96,0.951435,0.51669,0.132902
23,0.25,alpha,97,0.714285,0.65687,0.156465
23,0.25,alpha,98,1.799753,0.96676,0.201527
23,0.25,alpha,99,1.474502,0.692698,0.161305
23,0.25,alpha,100,0.425201,0.605474,0.138734
23,0.25,alpha,101,0.58416,0.770714,0.173957
23,0.25,alpha,102,0.80383,0.522442,0.134432
23,0.25,alpha,103,1.802922,1.016145,0.242989
23,0.25,alpha,104,1.183513,0.943226,0.202203
23,0.25,alpha,105,0.564988,0.765836,0.188959
23,0.25,alpha,106,1.108911,0.584008,0.142176
23,0.25,alpha,107,2.982893,1.502815,0.279414
23,0.25,alpha,108,0.575276,0.568355,0.150176
23,0.25,alpha,109,0.453253,0.490824,0.1332
23,0.25,alpha,110,1.97219,1.006885,0.224852
23,0.25,alpha,111,0.710516,0.744988,0.173902
23,0.25,alpha,112,1.126574,0.684564,0.163633
23,0.25,alpha,113,1.473727,0.696536,0.158345
23,0.25,alpha,114,1.132518,0.955791,0.231558
23,0.25,alpha,115,0.881333,0.6401,0.156016
23,0.25,alpha,116,0.367831,0.48639,0.124854
23,0.25,alpha,117,1.290301,0.705829,0.175733
23,0.25,alpha,118,0.720541,0.571604,0.148089
23,0.25,alpha,119,0.84474,0.914004,0.206129
23,0.25,alpha,120,2.579367,0.86671,0.188084
23,0.25,alpha,121,0.753914,0.75394,0.171507
23,0.25,alpha,122,0.943051,0.815716,0.193174
23,0.25,alpha,123,1.613658,1.06451,0.230214
23,0.25,alpha,124,0.472957,0.462111,0.133883
23,0.25,alpha,125,1.845962,0.817852,0.209808
23,0.25,alpha,126,0.99257,0.74284,0.183034
23,0.25,alpha,127,2.433543,0.69233,0.169228
23,0.25,alpha,128,1.19457,0.834372,0.252675
23,0.35,theta,1,1.762134,1.435095,0.539009
23,0.35,theta,2,1.688882,1.16432,0.508548
23,0.35,theta,3,0.564616,0.223317,0.459213
23,0.35,theta,4,1.386785,1.08008,0.530263
23,0.35,theta,5,-1.44852,-0.832827,0.436709
23,0.35,theta,6,0.181435,0.196062,0.503637
23,0.35,theta,7,-0.388135,-0.050566,0.458555
23,0.35,theta,8,-0.771455,-0.797336,0.504733
23,0.35,theta,9,-0.470389,-0.865427,0.422384
23,0.35,theta,10,0.54081,0.396851,0.477165
23,0.35,theta,11,-1.272466,-0.978026,0.430969
23,0.35,theta,12,1.102635,0.924339,0.504759
23,0.35,theta,13,0.121125,-0.190648,0.445911
23,0.35,theta,14,3.548101,1.91493,0.594972
23,0.35,theta,15,0.811534,0.410219,0.460585
23,0.35,theta,16,0.849808,0.862428,0.492445
23,0.35,theta,17,0.17562,-0.185204,0.434369
23,0.35,theta,18,1.261534,1.42348,0.534952
23,0.35,theta,19,-0.026541,0.461598,0.520986
23,0.35,theta,20,0.917411,0.249308,0.466042
23,0.35,theta,21,-0.253998,-0.160858,0.461803
23,0.35,theta,22,1.001558,0.8085,0.483552
23,0.35,theta,23,-0.382293,-0.580581,0.488724
23,0.35,theta,24,-1.994411,-1.33126,0.45466
23,0.35,theta,25,0.845952,0.791426,0.509183
23,0.35,theta,26,0.698254,0.126332,0.437797
23,0.35,theta,27,0.366723,0.867729,0.486578
23,0.35,theta,28,0.736388,0.317802,0.432829
23,0.35,theta,29,-0.086405,-0.693122,0.463151
23,0.35,theta,30,-0.420905,-0.176991,0.464224
23,0.35,theta,31,-0.305398,-0.256081,0.452766
23,0.35,theta,32,1.914895,0.81794,0.536317
23,0.35,theta,33,-0.235968,-0.789696,0.447086
23,0.35,theta,34,1.110381,1.068295,0.5359
23,0.35,theta,35,0.443467,0.594988,0.448828
23,0.35,theta,36,0.098765,-0.396946,0.443682
23,0.35,theta,37,-0.45846,-0.616913,0.436529
23,0.35,theta,38,0.558252,0.269957,0.465247
23,0.35,theta,39,1.140188,0.58261,0.49013
23,0.35,theta,40,1.107586,0.540016,0.45346
23,0.35,theta,41,-1.350651,-1.288465,0.472175
23,0.35,theta,42,-0.802526,-0.515363,0.441306
23,0.35,theta,43,-0.352616,0.438566,0.451812
23,0.35,theta,44,-0.805489,-0.959958,0.431896
23,0.35,theta,45,0.315944,0.729857,0.441799
23,0.35,theta,46,-0.108516,-0.395358,0.419199
23,0.35,theta,47,0.126644,0.471268,0.435284
23,0.35,theta,48,1.209753,0.666136,0.506446
23,0.35,theta,49,1.727281,1.65419,0.550683
23,0.35,theta,50,0.088926,0.09264,0.486544
23,0.35,theta,51,-0.429532,-0.134459,0.502071
23,0.35,theta,52,0.743366,0.11132,0.448942
23,0.35,theta,53,0.092432,0.384044,0.423296
23,0.35,theta,54,0.995449,1.498405,0.543669
23,0.35,theta,55,0.990011,0.823126,0.507121
23,0.35,theta,56,-0.227928,-0.377054,0.404525
23,0.35,theta,57,1.506373,0.985415,0.52814
23,0.35,theta,58,1.154901,-0.191312,0.472438
23,0.35,theta,59,-2.050188,-1.61094,0.496756
23,0.35,theta,60,-2.151562,-1.46416,0.441937
23,0.35,theta,61,-0.145301,-0.132072,0.432563
23,0.35,theta,62,0.891885,1.388685,0.529126
23,0.35,theta,63,-1.044156,-1.388795,0.472332
23,0.35,theta,64,-0.052862,-0.27138,0.445187
23,0.35,theta,65,0.511166,0.31174,0.413447
23,0.35,theta,66,-2.005337,-1.551375,0.464744
23,0.35,theta,67,-1.998123,-1.670945,0.52613
23,0.35,theta,68,-0.45341,-0.761691,0.437023
23,0.35,theta,69,0.324075,0.101058,0.440216
23,0.35,theta,70,0.599857,-0.061653,0.441946
23,0.35,theta,71,-1.083973,-1.38984,0.430671
23,0.35,theta,72,1.172858,0.878435,0.491825
23,0.35,theta,73,-0.980599,-2.211975,0.534031
23,0.35,theta,74,-0.597464,-0.552989,0.387376
23,0.35,theta,75,0.464639,0.497544,0.451379
23,0.35,theta,76,0.013172,1.021985,0.493756
23,0.35,theta,77,0.076528,0.195387,0.425603
23,0.35,theta,78,1.073837,0.870321,0.489236
23,0.35,theta,79,-0.49647,-0.298398,0.442264
23,0.35,theta,80,1.439633,1.35528,0.554697
23,0.35,theta,81,0.223881,-0.056509,0.464895
23,0.35,theta,82,-1.528967,-0.521738,0.439122
23,0.35,theta,83,-0.353108,0.806654,0.511511
23,0.35,theta,84,-0.166507,0.014268,0.440744
23,0.35,theta,85,1.043554,0.625738,0.489354
23,0.35,theta,86,2.458458,2.70096,0.646037
23,0.35,theta,87,0.428131,0.097209,0.468812
23,0.35,theta,88,0.991693,0.330067,0.461608
23,0.35,theta,89,-0.69408,-0.675463,0.466753
23,0.35,theta,90,-1.313492,-1.6303,0.53418
23,0.35,theta,91,-0.791315,-1.38311,0.495519
23,0.35,theta,92,-1.048351,0.048802,0.445315
23,0.35,theta,93,-0.484341,-0.336426,0.410013
23,0.35,theta,94,0.352733,-0.437382,0.424576
23,0.35,theta,95,-0.107587,-0.511494,0.449233
23,0.35,theta,96,-0.464786,0.161652,0.47612
23,0.35,theta,97,-0.443303,-0.424506,0.437633
23,0.35,theta,98,-1.306274,-1.050175,0.443881
23,0.35,theta,99,-0.695212,-1.125605,0.428139
23,0.35,theta,100,0.119662,-0.39418,0.440531
23,0.35,theta,101,1.462496,0.560391,0.477892
23,0.35,theta,102,-0.458172,-0.711875,0.422319
23,0.35,theta,103,1.000714,0.550506,0.484341
23,0.35,theta,104,0.032754,-0.440988,0.412536
23,0.35,theta,105,2.132433,0.945128,0.513871
23,0.35,theta,106,-0.767482,-0.581247,0.462679
23,0.35,theta,107,-0.632499,-0.256959,0.422992
23,0.35,theta,108,-0.933978,-0.908264,0.447429
23,0.35,theta,109,-0.968589,-0.266194,0.413047
23,0.35,theta,110,-0.456239,-1.298785,0.427915
23,0.35,theta,111,1.296668,1.19617,0.52753
23,0.35,theta,112,0.854777,0.758923,0.46785
23,0.35,theta,113,-0.940647,-0.513879,0.393334
23,0.35,theta,114,0.200523,0.79938,0.527403
23,0.35,theta,115,2.060813,1.788715,0.546912
23,0.35,theta,116,-0.150149,0.058696,0.445966
23,0.35,theta,117,1.537929,1.284075,0.511292
23,0.35,theta,118,-0.380676,-0.373928,0.435717
23,0.35,theta,119,-0.521413,-0.727034,0.457736
23,0.35,theta,120,-1.00378,-1.02308,0.421293
23,0.35,theta,121,0.698968,0.866904,0.471707
23,0.35,theta,122,-1.033074,-0.84184,0.4595
23,0.35,theta,123,-1.717731,-1.22224,0.431165
23,0.35,theta,124,0.578327,0.710406,0.474126
23,0.35,theta,125,0.748521,0.703935,0.45646
23,0.35,theta,126,0.817199,0.375602,0.462993
23,0.35,theta,127,-0.927253,-1.502605,0.44849
23,0.35,theta,128,0.74621,0.469951,0.439705
23,0.35,theta,129,0.3419,-0.001968,0.436265
23,0.35,theta,130,0.905041,0.969558,0.509186
23,0.35,theta,131,1.098693,0.463682,0.434105
23,0.35,theta,132,0.744552,1.259245,0.521922
23,0.35,theta,133,2.075684,1.87261,0.571043
23,0.35,theta,134,-0.379833,-0.41738,0.448569
23,0.35,theta,135,0.681811,1.60076,0.584841
23,0.35,theta,136,0.106732,0.311485,0.451961
23,0.35,theta,137,0.12249,-0.078639,0.461534
23,0.35,theta,138,-0.887408,-0.489904,0.435375
23,0.35,theta,139,-2.20343,-2.14388,0.530131
23,0.35,theta,140,-1.439819,-1.303315,0.470569
23,0.35,theta,141,0.775788,1.2538,0.512176
23,0.35,theta,142,-0.537001,-1.493205,0.468887
23,0.35,theta,143,0.472454,0.502336,0.470437
23,0.35,theta,144,2.04231,1.317575,0.528338
23,0.35,theta,145,1.090959,0.803673,0.455984
23,0.35,theta,146,-0.023201,-0.61717,0.414599
23,0.35,theta,147,0.778431,0.876955,0.514432
23,0.35,theta,148,-0.242517,-0.354988,0.493805
23,0.35,theta,149,-0.692304,-0.6918,0.437071
23,0.35,theta,150,-0.883098,-0.296852,0.411148
23,0.35,theta,151,-0.188849,0.352296,0.437356
23,0.35,theta,152,-0.479774,-0.276142,0.430406
23,0.35,theta,153,0.787012,0.072499,0.484352
23,0.35,theta,154,1.073427,0.760218,0.483202
23,0.35,theta,155,-1.245468,-1.26943,0.477387
23,0.35,theta,156,-0.375432,-0.494404,0.480959
23,0.35,theta,157,0.529422,0.096119,0.449705
23,0.35,theta,158,0.759328,0.227697,0.46334
23,0.35,theta,159,-0.201741,0.025521,0.446597
23,0.35,theta,160,-0.175719,-0.741866,0.456768
23,0.35,theta,161,1.71932,0.97713,0.504421
23,0.35,theta,162,-1.307493,-1.19299,0.467906
23,0.35,theta,163,0.237048,-0.543926,0.440533
23,0.35,theta,164,1.645734,0.914753,0.483192
23,0.35,theta,165,0.133975,0.601085,0.490053
23,0.35,theta,166,-0.661097,0.591458,0.476853
23,0.35,theta,167,1.776719,1.5,0.540905
23,0.35,theta,168,-1.161307,-0.39845,0.42727
23,0.35,theta,169,0.456862,0.961938,0.506921
23,0.35,theta,170,1.173997,1.16827,0.520787
23,0.35,theta,171,-0.481649,-0.345821,0.42388
23,0.35,theta,172,-0.964606,-1.682255,0.476857
23,0.35,theta,173,0.122719,0.084593,0.478215
23,0.35,theta,174,0.82765,0.407582,0.483826
23,0.35,theta,175,-1.34818,-0.284568,0.444596
23,0.35,theta,176,-0.42204,-0.387196,0.469517
23,0.35,theta,177,-1.359646,-0.330222,0.445219
23,0.35,theta,178,0.716728,0.439112,0.45694
23,0.35,theta,179,1.240788,1.66284,0.56337
23,0.35,theta,180,-1.61641,-0.716422,0.41464
23,0.35,theta,181,1.560499,0.616084,0.480539
23,0.35,theta,182,0.337511,0.428086,0.433479
23,0.35,theta,183,-0.310401,0.758507,0.497978
23,0.35,theta,184,1.856123,1.19406,0.528615
23,0.35,theta,185,0.833726,0.510285,0.449422
23,0.35,theta,186,0.33196,0.559526,0.457527
23,0.35,theta,187,-0.248072,0.421184,0.492482
23,0.35,theta,188,-0.999738,-0.461182,0.437471
23,0.35,theta,189,1.409546,1.242985,0.538966
23,0.35,theta,190,-0.968538,-0.43066,0.450688
23,0.35,theta,191,0.03492,-0.064712,0.424937
23,0.35,theta,192,-1.748696,-1.200475,0.467398
23,0.35,theta,193,0.176693,0.619652,0.467351
23,0.35,theta,194,-1.407756,-0.444919,0.446201
23,0.35,theta,195,0.351064,0.768938,0.492372
23,0.35,theta,196,0.868941,1.080805,0.485066
23,0.35,theta,197,-0.089048,-1.100775,0.4528
23,0.35,theta,198,0.581149,1.097225,0.51094
23,0.35,theta,199,-1.20212,-1.042095,0.429346
23,0.35,theta,200,-1.163738,-0.949357,0.436952
23,0.35,theta,201,0.064308,0.25125,0.46725
23,0.35,theta,202,0.476928,0.331344,0.461307
23,0.35,theta,203,-0.838162,-1.113935,0.484203
23,0.35,theta,204,-0.792907,-1.140565,0.48078
23,0.35,theta,205,0.553785,-0.097254,0.452398
23,0.35,theta,206,-1.848835,-1.21305,0.454822
23,0.35,theta,207,0.762927,0.593813,0.457005
23,0.35,theta,208,-0.399361,-0.049027,0.412304
23,0.35,theta,209,-1.211825,-0.62233,0.447968
23,0.35,theta,210,-1.8985,-0.918128,0.477841
23,0.35,theta,211,0.170798,0.144084,0.501707
23,0.35,theta,212,-0.438448,-1.37198,0.498066
23,0.35,theta,213,-0.486683,-0.745422,0.446708
23,0.35,theta,214,1.11598,0.630622,0.464594
23,0.35,theta,215,-0.686928,-0.617134,0.475746
23,0.35,theta,216,-0.251132,-0.52967,0.42697
23,0.35,theta,217,0.153131,0.165884,0.455253
23,0.35,theta,218,-0.163555,0.134827,0.43497
23,0.35,theta,219,-0.592572,-0.051464,0.453534
23,0.35,theta,220,-0.554214,-0.07246,0.443936
23,0.35,theta,221,1.797101,1.596015,0.545046
23,0.35,theta,222,0.200078,0.383603,0.4773
23,0.35,theta,223,0.607678,1.09258,0.515664
23,0.35,theta,224,-0.503361,-0.808842,0.449213
23,0.35,theta,225,0.483144,0.976727,0.518291
23,0.35,theta,226,-1.003471,-1.447705,0.481292
23,0.35,theta,227,-0.103362,0.087497,0.477085
23,0.35,theta,228,0.69943,0.896679,0.478765
23,0.35,theta,229,-1.042626,-1.139495,0.467353
23,0.35,theta,230,0.790919,0.276221,0.418381
23,0.35,theta,231,1.015168,1.466885,0.545891
23,0.35,theta,232,-0.435427,-0.864561,0.422325
23,0.35,theta,233,0.640087,0.503741,0.445328
23,0.35,theta,234,0.433049,-0.012178,0.449187
23,0.35,theta,235,1.327224,1.102465,0.486663
23,0.35,theta,236,0.023222,0.202354,0.476779
23,0.35,theta,237,-2.089956,-1.09813,0.453523
23,0.35,theta,238,-0.642379,0.048799,0.420558
23,0.35,theta,239,0.616694,0.245672,0.478482
23,0.35,theta,240,-0.609464,-0.349292,0.445762
23,0.35,theta,241,0.804722,0.232779,0.424776
23,0.35,theta,242,-1.472188,-0.906617,0.467328
23,0.35,theta,243,1.18638,1.64254,0.562258
23,0.35,theta,244,-1.218995,-1.29823,0.481004
23,0.35,theta,245,-0.380742,-0.425166,0.446971
23,0.35,theta,246,1.195341,0.847174,0.514834
23,0.35,theta,247,-0.141714,-1.32925,0.474117
23,0.35,theta,248,0.054354,-0.042819,0.461173
23,0.35,theta,249,0.268318,0.494042,0.491209
23,0.35,theta,250,0.00238,-0.415359,0.476735
23,0.35,theta,251,0.623342,-0.071065,0.468024
23,0.35,theta,252,-0.047539,-0.377393,0.456617
23,0.35,theta,253,1.085076,0.314867,0.44238
23,0.35,theta,254,0.462507,0.355684,0.447663
23,0.35,theta,255,0.288733,-0.016858,0.458699
23,0.35,theta,256,-0.919156,-0.371761,0.432814
23,0.35,theta,257,0.634645,-0.582282,0.441389
23,0.35,theta,258,-0.507532,-0.755897,0.408595
23,0.35,theta,259,-0.235933,0.156133,0.427647
23,0.35,theta,260,-0.242073,0.488124,0.460236
23,0.35,theta,261,-0.989827,-0.766539,0.430374
23,0.35,theta,262,-1.95523,-1.489835,0.487965
23,0.35,theta,263,-0.061479,-0.15265,0.427862
23,0.35,theta,264,-1.089277,-1.33763,0.512237
23,0.35,theta,265,1.75094,1.174785,0.511998
23,0.35,theta,266,1.69819,0.948365,0.475341
23,0.35,theta,267,-0.048721,0.153434,0.42258
23,0.35,theta,268,-0.465866,-0.175552,0.444856
23,0.35,theta,269,-1.585478,-1.79107,0.50096
23,0.35,theta,270,-2.061948,-1.05395,0.426655
23,0.35,theta,271,-0.396836,-0.323155,0.421043
23,0.35,theta,272,0.652955,0.43628,0.486845
23,0.35,theta,273,-1.1127,-0.68818,0.466072
23,0.35,theta,274,1.190615,0.832172,0.49379
23,0.35,theta,275,0.678185,0.709136,0.481938
23,0.35,theta,276,0.070657,-0.849135,0.433937
23,0.35,theta,277,0.593168,0.575815,0.471462
23,0.35,theta,278,-0.429399,0.128791,0.481827
23,0.35,theta,279,-0.805234,-0.804634,0.45524
23,0.35,theta,280,-1.681947,-1.599035,0.480318
23,0.35,theta,281,-0.117291,-0.184586,0.446628
23,0.35,theta,282,0.757667,0.962085,0.515244
23,0.35,theta,283,-2.272911,-0.833454,0.445147
23,0.35,theta,284,-0.171203,-0.559049,0.421653
23,0.35,theta,285,-0.695511,-1.02732,0.42793
23,0.35,theta,286,0.557867,0.295442,0.434821
23,0.35,theta,287,-0.092726,-0.360296,0.426565
23,0.35,theta,288,0.349102,0.42624,0.47846
23,0.35,theta,289,0.482825,0.748617,0.470858
23,0.35,theta,290,1.313878,1.31876,0.524934
23,0.35,theta,291,-0.855804,0.113884,0.439948
23,0.35,theta,292,0.232872,-0.015294,0.440313
23,0.35,theta,293,-0.248962,-0.719302,0.431245
23,0.35,theta,294,1.188029,1.61817,0.55572
23,0.35,theta,295,0.755881,1.12323,0.498284
23,0.35,theta,296,0.105917,-0.343376,0.412883
23,0.35,theta,297,1.360283,1.101085,0.504295
23,0.35,theta,298,0.47015,-0.509692,0.458067
23,0.35,theta,299,2.875412,1.30427,0.536617
23,0.35,theta,300,1.442648,1.010905,0.510978
23,0.35,theta,301,-0.300623,0.056265,0.432205
23,0.35,theta,302,-0.719251,-1.19341,0.478004
23,0.35,theta,303,0.972935,1.52081,0.54055
23,0.35,theta,304,-0.126281,0.17568,0.485411
23,0.35,theta,305,0.186046,0.645873,0.479284
23,0.35,theta,306,0.818021,0.036188,0.451053
23,0.35,theta,307,-0.797433,-0.751445,0.456098
23,0.35,theta,308,-1.932353,-0.440408,0.463686
23,0.35,theta,309,-0.566803,0.290066,0.500883
23,0.35,theta,310,-1.087485,-0.556242,0.449629
23,0.35,theta,311,-0.273021,-1.01976,0.435599
23,0.35,theta,312,-0.262287,-0.896846,0.440593
23,0.35,theta,313,-0.088487,0.510404,0.444083
23,0.35,theta,314,-0.560421,-0.568842,0.425766
23,0.35,theta,315,-0.678908,-0.323639,0.413754
23,0.35,theta,316,0.609646,0.056461,0.430186
23,0.35,theta,317,-0.638754,-0.554324,0.434189
23,0.35,theta,318,-0.157102,0.269106,0.486913
23,0.35,theta,319,-0.214353,-0.083604,0.456578
23,0.35,theta,320,-0.809163,-1.84914,0.490628
23,0.35,theta,321,-0.675158,-0.595641,0.466849
23,0.35,theta,322,-3.5482,-2.097755,0.50869
23,0.35,theta,323,0.276288,-0.488064,0.467113
23,0.35,theta,324,-2.88102,-2.24464,0.544877
23,0.35,theta,325,0.291617,0.104732,0.430321
23,0.35,theta,326,-0.241458,-0.223343,0.48224
23,0.35,theta,327,-0.957163,-1.10156,0.445963
23,0.35,theta,328,-0.356443,-0.4683,0.419687
23,0.35,theta,329,1.06219,0.585408,0.489387
23,0.35,theta,330,1.585966,0.824121,0.464368
23,0.35,theta,331,2.479508,0.945272,0.507548
23,0.35,theta,332,-1.552195,-1.328495,0.469271
23,0.35,theta,333,0.699715,0.659623,0.437186
23,0.35,theta,334,1.169742,1.202225,0.529944
23,0.35,theta,335,-1.180739,-0.263406,0.418952
23,0.35,theta,336,2.603494,2.04039,0.603142
23,0.35,theta,337,-0.428393,-0.068942,0.410845
23,0.35,theta,338,0.608301,0.02949,0.47735
23,0.35,theta,339,-0.122337,-0.452229,0.43721
23,0.35,theta,340,-0.944383,-1.08506,0.410911
23,0.35,theta,341,0.314878,0.187826,0.464542
23,0.35,theta,342,0.762928,1.478135,0.529602
23,0.35,theta,343,-1.145505,-1.276375,0.467287
23,0.35,theta,344,-0.2197,-0.040738,0.444827
23,0.35,theta,345,-0.23794,-0.577588,0.421422
23,0.35,theta,346,-0.645994,-0.602116,0.415666
23,0.35,theta,347,-0.379534,-0.277551,0.426853
23,0.35,theta,348,0.900159,0.108004,0.474014
23,0.35,theta,349,0.207141,-0.512496,0.431818
23,0.35,theta,350,-0.52406,-0.669048,0.458843
23,0.35,theta,351,-0.434281,-0.209696,0.460063
23,0.35,theta,352,1.105084,0.476152,0.447235
23,0.35,theta,353,0.326469,0.080974,0.442848
23,0.35,theta,354,-0.539213,0.076074,0.474994
23,0.35,theta,355,0.987594,0.78167,0.501871
23,0.35,theta,356,-0.380795,-0.524473,0.454465
23,0.35,theta,357,0.700896,0.325047,0.47607
23,0.35,theta,358,0.186219,0.15318,0.419266
23,0.35,theta,359,1.082956,0.934758,0.494737
23,0.35,theta,360,0.46083,1.147255,0.505327
23,0.35,theta,361,-0.195395,-0.340026,0.420823
23,0.35,theta,362,-1.26059,-1.26829,0.465361
23,0.35,theta,363,-1.277201,-2.366685,0.541306
23,0.35,theta,364,0.572008,1.083275,0.49058
23,0.35,theta,365,-0.480573,-0.735106,0.413903
23,0.35,theta,366,-1.631916,-1.43091,0.439693
23,0.35,theta,367,-0.719938,-0.442297,0.477162
23,0.35,theta,368,-1.641342,-0.856786,0.44477
23,0.35,theta,369,-1.123264,-1.11713,0.446558
23,0.35,theta,370,-0.272324,0.79017,0.475561
23,0.35,theta,371,-0.462358,-1.133345,0.439247
23,0.35,theta,372,-1.662781,-1.08357,0.453929
23,0.35,theta,373,-0.936463,-1.34819,0.464279
23,0.35,theta,374,-0.630727,-1.043375,0.425203
23,0.35,theta,375,0.297642,0.478096,0.465764
23,0.35,theta,376,-1.378044,-1.13125,0.446471
23,0.35,theta,377,-0.561111,-0.379046,0.430853
23,0.35,theta,378,0.450618,0.128223,0.470697
23,0.35,theta,379,0.281383,-0.055552,0.441593
23,0.35,theta,380,0.723544,0.790672,0.45875
23,0.35,theta,381,-0.421328,-0.486693,0.421855
23,0.35,theta,382,-1.262819,-1.040745,0.461368
23,0.35,theta,383,-2.331046,-2.02157,0.525055
23,0.35,theta,384,-0.551054,-1.051275,0.438074
23,0.35,theta,385,0.317395,0.36703,0.4692
23,0.35,theta,386,-1.194574,-1.864095,0.497828
23,0.35,theta,387,0.706904,0.448847,0.445217
23,0.35,theta,388,0.095467,-0.118461,0.47748
23,0.35,theta,389,2.990612,1.185315,0.511601
23,0.35,theta,390,-0.918072,-0.87613,0.418944
23,0.35,theta,391,-0.356292,-0.496108,0.462432
23,0.35,theta,392,0.235383,-0.043428,0.437331
23,0.35,theta,393,-0.128689,-0.036518,0.447149
23,0.35,theta,394,0.489984,0.11658,0.478009
23,0.35,theta,395,-1.309446,-0.558296,0.441676
23,0.35,theta,396,-1.858913,-2.75399,0.564402
23,0.35,theta,397,-0.489026,-0.751503,0.462801
23,0.35,theta,398,0.970787,0.754727,0.504543
23,0.35,theta,399,-0.820209,-0.780012,0.453483
23,0.35,theta,400,-0.71158,-0.969338,0.433616
23,0.35,theta,401,0.285978,0.037937,0.456565
23,0.35,theta,402,-0.247546,-0.262412,0.432937
23,0.35,theta,403,-0.524276,-0.385172,0.410043
23,0.35,theta,404,-1.010016,0.203509,0.432566
23,0.35,theta,405,-0.208747,-0.424513,0.452859
23,0.35,theta,406,-0.673454,-0.964531,0.431998
23,0.35,theta,407,0.614228,0.392962,0.432931
23,0.35,theta,408,-1.663161,-0.761834,0.450488
23,0.35,theta,409,-1.739152,-0.9026,0.415702
23,0.35,theta,410,-0.266262,0.110912,0.464482
23,0.35,theta,411,0.575888,0.361873,0.446423
23,0.35,theta,412,-0.633785,-0.916034,0.466457
23,0.35,theta,413,0.814227,1.499365,0.552758
23,0.35,theta,414,0.814756,0.248072,0.457477
23,0.35,theta,415,-0.29975,-0.672374,0.42495
23,0.35,theta,416,0.753673,0.471246,0.447018
23,0.35,theta,417,-0.457197,-0.165399,0.463414
23,0.35,theta,418,-0.747947,-0.19553,0.411465
23,0.35,theta,419,-0.405984,-0.731584,0.471036
23,0.35,theta,420,1.046088,1.353665,0.545921
23,0.35,theta,421,0.175799,-0.326992,0.465404
23,0.35,theta,422,0.869687,0.109532,0.49951
23,0.35,theta,423,0.661654,0.498658,0.44985
23,0.35,theta,424,-1.990971,-0.479638,0.46545
23,0.35,theta,425,1.430886,1.044495,0.536332
23,0.35,theta,426,0.724138,1.21264,0.500962
23,0.35,theta,427,-1.258936,-0.728544,0.476677
23,0.35,theta,428,1.628936,1.01123,0.475896
23,0.35,theta,429,1.650279,0.599093,0.506345
23,0.35,theta,430,-1.191494,-1.552165,0.48409
23,0.35,theta,431,0.406316,0.628106,0.497004
23,0.35,theta,432,0.13758,-0.086264,0.408129
23,0.35,theta,433,0.553079,0.534497,0.474101
23,0.35,theta,434,0.496301,0.393252,0.461323
23,0.35,theta,435,-0.335353,1.315845,0.524526
23,0.35,theta,436,0.489605,1.19975,0.501401
23,0.35,theta,437,-0.088323,0.299717,0.468656
23,0.35,theta,438,0.887651,0.295856,0.446115
23,0.35,theta,439,-0.461396,-0.724419,0.464275
23,0.35,theta,440,-0.364082,-0.331219,0.435667
23,0.35,theta,441,0.346863,0.929502,0.508166
23,0.35,theta,442,0.43635,-0.038497,0.480304
23,0.35,theta,443,-0.564243,-0.763006,0.433913
23,0.35,theta,444,-1.305001,-0.84987,0.436282
23,0.35,theta,445,-0.191369,0.027045,0.476332
23,0.35,theta,446,-1.136094,-1.2108,0.440893
23,0.35,theta,447,-0.165661,0.427889,0.474596
23,0.35,theta,448,-2.503192,-1.716455,0.5269
23,0.35,theta,449,0.848506,0.381799,0.463351
23,0.35,theta,450,-1.239182,-1.268115,0.476706
23,0.35,theta,451,0.677697,0.682564,0.483292
23,0.35,theta,452,-0.425377,-0.658637,0.436254
23,0.35,theta,453,-1.988516,-0.75193,0.436649
23,0.35,theta,454,-0.027097,0.153644,0.459943
23,0.35,theta,455,-0.158177,-0.588249,0.432022
23,0.35,theta,456,0.798349,0.647535,0.460764
23,0.35,theta,457,-1.146449,-0.380304,0.436026
23,0.35,theta,458,0.835965,1.331545,0.525932
23,0.35,theta,459,1.236664,0.839006,0.524823
23,0.35,theta,460,0.843559,0.983833,0.50732
23,0.35,theta,461,0.435149,-0.354056,0.469589
23,0.35,theta,462,1.634965,0.926093,0.495145
23,0.35,theta,463,-0.740045,-0.590579,0.433755
23,0.35,theta,464,0.336871,-0.304019,0.40961
23,0.35,theta,465,-0.341926,-0.14772,0.412019
23,0.35,theta,466,0.324188,-0.276546,0.453882
23,0.35,theta,467,-0.30407,-0.044302,0.477071
23,0.35,theta,468,0.351329,-0.009453,0.443446
23,0.35,theta,469,0.85683,0.547936,0.497777
23,0.35,theta,470,-0.948225,-1.3081,0.463332
23,0.35,theta,471,-0.395398,-0.422014,0.458384
23,0.35,theta,472,0.914773,1.55943,0.54767
23,0.35,theta,473,0.224138,0.099432,0.441703
23,0.35,theta,474,-1.474586,-0.833194,0.492526
23,0.35,theta,475,0.540587,0.546774,0.418298
23,0.35,theta,476,0.589776,0.886031,0.495636
23,0.35,theta,477,0.332371,-0.342423,0.400091
23,0.35,theta,478,-0.0666,-0.253982,0.419977
23,0.35,theta,479,-0.722933,-0.374834,0.442103
23,0.35,theta,480,-0.678654,-1.45692,0.467084
23,0.35,theta,481,0.806021,0.783583,0.529516
23,0.35,theta,482,1.380508,0.777195,0.477948
23,0.35,theta,483,-1.18983,-0.339959,0.445
23,0.35,theta,484,-0.06379,-0.004318,0.463555
23,0.35,theta,485,1.395885,0.766338,0.490091
23,0.35,theta,486,-2.227524,-0.777515,0.454594
23,0.35,theta,487,1.187949,0.757437,0.468232
23,0.35,theta,488,1.572402,0.610988,0.460123
23,0.35,theta,489,-1.792861,-2.15017,0.515854
23,0.35,theta,490,0.907364,1.341095,0.523041
23,0.35,theta,491,-0.664296,-0.266642,0.448102
23,0.35,theta,492,0.149652,0.763018,0.507666
23,0.35,theta,493,2.215434,1.81892,0.548272
23,0.35,theta,494,-1.265197,-0.847848,0.429567
23,0.35,theta,495,-0.486743,-0.732096,0.448916
23,0.35,theta,496,1.836652,1.13134,0.514728
23,0.35,theta,497,-0.50156,-0.040909,0.440201
23,0.35,theta,498,0.751746,-0.087921,0.442559
23,0.35,theta,499,1.140074,1.48304,0.55902
23,0.35,theta,500,1.135396,0.987408,0.47973
23,0.35,theta,501,0.413718,1.07536,0.525576
23,0.35,theta,502,2.541917,1.09082,0.534868
23,0.35,theta,503,0.35486,0.543342,0.456982
23,0.35,theta,504,-0.381941,-0.271715,0.44695
23,0.35,theta,505,0.083607,-0.210819,0.456124
23,0.35,theta,506,0.438853,0.401941,0.458192
23,0.35,theta,507,2.218929,1.617845,0.584253
23,0.35,theta,508,-0.528993,-0.557268,0.441905
23,0.35,theta,509,0.144392,-0.56081,0.410003
23,0.35,theta,510,2.16167,1.61187,0.555853
23,0.35,theta,511,1.134624,0.794152,0.500989
23,0.35,theta,512,0.046088,0.136235,0.47696
23,0.35,theta,513,0.881937,0.610154,0.496398
23,0.35,theta,514,1.187549,0.801892,0.489826
23,0.35,theta,515,-0.171915,0.039121,0.44433
23,0.35,theta,516,-0.813485,-0.923746,0.45101
23,0.35,theta,517,0.041745,0.41336,0.519026
23,0.35,theta,518,-0.692669,-0.90561,0.465351
23,0.35,theta,519,1.092016,0.67308,0.486576
23,0.35,theta,520,-0.793004,-0.960936,0.439426
23,0.35,theta,521,-0.996947,-0.838284,0.499056
23,0.35,theta,522,-0.269735,0.199072,0.427919
23,0.35,theta,523,0.343635,-0.028402,0.457423
23,0.35,theta,524,0.362444,0.353814,0.454419
23,0.35,theta,525,-0.71662,-0.373094,0.436137
23,0.35,theta,526,-1.035471,-1.44914,0.475991
23,0.35,theta,527,1.611319,0.70858,0.519735
23,0.35,theta,528,1.267731,1.003965,0.477808
23,0.35,theta,529,0.555926,0.726097,0.484852
23,0.35,theta,530,-2.054104,-2.22576,0.528186
23,0.35,theta,531,-0.149016,-0.337026,0.43358
23,0.35,theta,532,-0.08526,0.250955,0.450405
23,0.35,theta,533,-1.154765,-0.09907,0.45804
23,0.35,theta,534,-1.581222,-1.463035,0.463223
23,0.35,theta,535,-0.648045,-0.835027,0.437768
23,0.35,theta,536,0.456234,0.994999,0.497692
23,0.35,theta,537,0.217531,0.51234,0.476203
23,0.35,theta,538,1.13874,0.72396,0.476243
23,0.35,theta,539,-0.695667,-0.76004,0.447333
23,0.35,theta,540,0.225685,-0.315832,0.402137
23,0.35,theta,541,1.134994,0.605086,0.514723
23,0.35,theta,542,0.03963,-0.57065,0.442038
23,0.35,theta,543,-1.408712,-0.906711,0.438755
23,0.35,theta,544,1.244991,0.943412,0.488463
23,0.35,theta,545,0.651662,0.45115,0.459908
23,0.35,theta,546,-0.478837,-0.305758,0.408129
23,0.35,theta,547,0.834945,1.212435,0.512597
23,0.35,theta,548,0.379969,0.721436,0.461409
23,0.35,theta,549,1.524186,1.270375,0.547839
23,0.35,theta,550,0.110869,0.715774,0.465846
23,0.35,theta,551,0.807178,0.68196,0.487377
23,0.35,theta,552,0.794651,0.637326,0.46702
23,0.35,theta,553,1.13463,-0.11338,0.461886
23,0.35,theta,554,0.996743,0.995369,0.486383
23,0.35,theta,555,-1.249578,-1.11367,0.463
23,0.35,theta,556,-0.137299,0.117855,0.470235
23,0.35,theta,557,-0.171972,0.006171,0.397362
23,0.35,theta,558,-0.007576,-0.277677,0.428916
23,0.35,theta,559,1.082123,1.34763,0.543158
23,0.35,theta,560,-0.223099,-0.263928,0.434249
23,0.35,theta,561,-0.689801,-0.884248,0.459533
23,0.35,theta,562,0.772422,0.406306,0.473763
23,0.35,theta,563,-0.81926,-0.242338,0.413554
23,0.35,theta,564,-0.300556,-0.395891,0.446883
23,0.35,theta,565,-0.774263,-0.649962,0.441354
23,0.35,theta,566,0.160108,-0.054863,0.45294
23,0.35,theta,567,0.906394,1.304755,0.532846
23,0.35,theta,568,-0.595127,-0.069109,0.445706
23,0.35,theta,569,0.360916,0.11326,0.441203
23,0.35,theta,570,-0.926369,-0.977012,0.435688
23,0.35,theta,571,0.517336,0.64327,0.482653
23,0.35,theta,572,-0.236891,-0.465399,0.476328
23,0.35,theta,573,0.104376,0.334186,0.484291
23,0.35,theta,574,-0.782736,-0.72584,0.43485
23,0.35,theta,575,-0.207749,-0.386216,0.432844
23,0.35,theta,576,0.45938,0.666861,0.470146
23,0.35,theta,577,-1.006619,-0.960816,0.442576
23,0.35,theta,578,-0.45135,0.044262,0.442454
23,0.35,theta,579,-0.680434,-0.816922,0.452494
23,0.35,theta,580,0.48524,-0.449117,0.48171
23,0.35,theta,581,-1.312556,-0.83423,0.468831
23,0.35,theta,582,-0.742592,-0.122242,0.44742
23,0.35,theta,583,-0.53075,-0.716083,0.439964
23,0.35,theta,584,0.707556,0.195842,0.441796
23,0.35,theta,585,-1.657349,-1.172775,0.468469
23,0.35,theta,586,-0.927539,-0.672734,0.464117
23,0.35,theta,587,0.571992,0.063988,0.449887
23,0.35,theta,588,-0.150232,0.812918,0.505824
23,0.35,theta,589,0.993868,1.14549,0.520829
23,0.35,theta,590,1.56533,1.670545,0.538095
23,0.35,theta,591,-0.445994,0.322496,0.474533
23,0.35,theta,592,-0.081974,-0.552342,0.458843
23,0.35,theta,593,-0.189182,0.407891,0.449941
23,0.35,theta,594,-0.211043,0.129178,0.450786
23,0.35,theta,595,0.086715,0.376374,0.469477
23,0.35,theta,596,-0.025896,-0.223095,0.424862
23,0.35,theta,597,-0.085643,-0.186462,0.433927
23,0.35,theta,598,1.482706,0.099402,0.451501
23,0.35,theta,599,-1.379655,-1.178925,0.474853
23,0.35,theta,600,-0.717549,-0.811448,0.441563
23,0.35,theta,601,0.08263,-0.164876,0.412113
23,0.35,theta,602,1.058926,0.503799,0.460724
23,0.35,theta,603,0.634281,0.22077,0.484199
23,0.35,theta,604,0.466581,-0.005487,0.442767
23,0.35,theta,605,-2.264008,-1.573685,0.494621
23,0.35,theta,606,0.104813,-0.185206,0.500118
23,0.35,theta,607,-0.863759,-0.075516,0.395951
23,0.35,theta,608,-1.054458,-0.54378,0.431018
23,0.35,theta,609,1.418932,1.02196,0.519963
23,0.35,theta,610,-1.88587,-1.569825,0.517636
23,0.35,theta,611,1.825472,1.44815,0.54146
23,0.35,theta,612,-1.635804,-1.084355,0.475035
23,0.35,theta,613,1.783904,0.026983,0.448211
23,0.35,theta,614,-1.033817,-1.06704,0.467799
23,0.35,theta,615,0.543611,0.375494,0.469159
23,0.35,theta,616,2.184926,1.753985,0.568519
23,0.35,theta,617,1.412439,1.18161,0.516048
23,0.35,theta,618,-0.011643,0.447346,0.466737
23,0.35,theta,619,-1.033466,-1.242425,0.451763
23,0.35,theta,620,0.673054,-0.271854,0.435605
23,0.35,theta,621,0.740479,-0.38542,0.435512
23,0.35,theta,622,-0.116055,-0.162142,0.398752
23,0.35,theta,623,2.328578,1.29056,0.530489
23,0.35,theta,624,-1.20116,-0.499719,0.427712
23,0.35,theta,625,-0.574876,-0.526328,0.457996
23,0.35,theta,626,0.582992,0.608944,0.462018
23,0.35,theta,627,-0.756946,-0.582117,0.445935
23,0.35,theta,628,-1.574105,-2.122605,0.495133
23,0.35,theta,629,1.373935,0.362637,0.455709
23,0.35,theta,630,0.094908,0.053776,0.411434
23,0.35,theta,631,0.501442,0.465001,0.471333
23,0.35,theta,632,1.321715,0.611962,0.461534
23,0.35,theta,633,-1.509314,-1.23631,0.438848
23,0.35,theta,634,0.37345,0.373111,0.450073
23,0.35,theta,635,0.345601,0.289249,0.450618
23,0.35,theta,636,0.625288,0.73239,0.460969
23,0.35,theta,637,1.301469,0.840668,0.501529
23,0.35,theta,638,-0.602733,-0.527987,0.445852
23,0.35,theta,639,0.487058,0.814578,0.524154
23,0.35,theta,640,-0.317698,-0.167012,0.427729
23,0.35,theta,641,2.542591,2.150125,0.613995
23,0.35,theta,642,-0.58142,-0.279204,0.420502
23,0.35,theta,643,0.50074,-0.352392,0.381103
23,0.35,theta,644,2.523586,1.399225,0.534297
23,0.35,theta,645,0.198168,-0.290451,0.440957
23,0.35,theta,646,-0.457029,-0.088606,0.478535
23,0.35,theta,647,-1.006581,-1.099785,0.438305
23,0.35,theta,648,0.924478,0.857619,0.512899
23,0.35,theta,649,0.804223,0.526652,0.48407
23,0.35,theta,650,0.555823,1.196295,0.539156
23,0.35,theta,651,-0.105817,-0.483819,0.451079
23,0.35,theta,652,-0.356336,-0.52476,0.451102
23,0.35,theta,653,0.751052,0.593292,0.483003
23,0.35,theta,654,0.801243,1.551395,0.537379
23,0.35,theta,655,0.915673,1.131215,0.514144
23,0.35,theta,656,-0.856051,-0.867956,0.460231
23,0.35,theta,657,-0.585976,-0.20075,0.470341
23,0.35,theta,658,0.629312,0.166862,0.457928
23,0.35,theta,659,0.974596,0.318018,0.468768
23,0.35,theta,660,-0.143436,0.151849,0.453861
23,0.35,theta,661,0.318354,0.79682,0.518371
23,0.35,theta,662,-0.18349,0.155204,0.473398
23,0.35,theta,663,-0.067378,0.111018,0.440477
23,0.35,theta,664,-1.702019,-0.988306,0.445908
23,0.35,theta,665,0.25967,0.550998,0.469066
23,0.35,theta,666,0.365414,0.467933,0.463209
23,0.35,theta,667,-0.278985,-0.676233,0.432901
23,0.35,theta,668,-2.066942,-0.880065,0.435217
23,0.35,theta,669,1.61812,1.76734,0.560229
23,0.35,theta,670,-1.10762,-0.50493,0.416202
23,0.35,theta,671,-1.656037,-1.210855,0.461724
23,0.35,theta,672,-0.270795,-0.47559,0.450213
23,0.35,theta,673,-1.702057,-0.480452,0.467114
23,0.35,theta,674,1.790468,1.194475,0.533081
23,0.35,theta,675,0.316702,0.148053,0.435866
23,0.35,theta,676,1.145118,0.96845,0.552479
23,0.35,theta,677,0.516965,0.220648,0.414633
23,0.35,theta,678,1.032741,0.3892,0.502583
23,0.35,theta,679,-0.769379,-0.540398,0.417712
23,0.35,theta,680,-0.249064,-0.670888,0.468529
23,0.35,theta,681,2.254745,1.607595,0.546474
23,0.35,theta,682,-0.442495,-0.678008,0.420944
23,0.35,theta,683,1.517615,1.312875,0.53823
23,0.35,theta,684,-0.511679,-0.757546,0.442936
23,0.35,theta,685,0.234625,0.202033,0.453274
23,0.35,theta,686,-0.044464,0.172456,0.463227
23,0.35,theta,687,-0.154181,0.318904,0.504847
23,0.35,theta,688,0.741172,-0.259463,0.427061
23,0.35,theta,689,0.427882,-0.110664,0.457743
23,0.35,theta,690,-0.215517,-0.317814,0.4651
23,0.35,theta,691,1.112552,1.54381,0.555707
23,0.35,theta,692,-2.281541,-1.04169,0.435779
23,0.35,theta,693,1.40434,1.59766,0.554262
23,0.35,theta,694,-0.881827,-0.982998,0.463143
23,0.35,theta,695,-0.730012,-0.251922,0.496186
23,0.35,theta,696,-2.79512,-1.6369,0.497303
23,0.35,theta,697,-2.246727,-1.585785,0.480284
23,0.35,theta,698,1.402204,0.819176,0.491033
23,0.35,theta,699,-2.510819,-2.182935,0.519286
23,0.35,theta,700,0.255581,-0.021775,0.443264
23,0.35,theta,701,-1.427998,-1.27764,0.471987
23,0.35,theta,702,0.020536,-0.264176,0.432912
23,0.35,theta,703,-1.371822,-1.182005,0.475092
23,0.35,theta,704,1.411527,0.631376,0.475742
23,0.35,theta,705,0.619461,0.232476,0.479633
23,0.35,theta,706,0.830069,1.35908,0.516582
23,0.35,theta,707,-0.926292,-0.451708,0.455821
23,0.35,theta,708,-2.168536,-1.181025,0.471592
23,0.35,theta,709,1.393416,1.56944,0.566985
23,0.35,theta,710,-0.49051,0.107073,0.457415
23,0.35,theta,711,-0.105831,-0.775046,0.472333
23,0.35,theta,712,-0.223237,0.179326,0.439802
23,0.35,theta,713,0.266452,0.65708,0.470514
23,0.35,theta,714,0.141363,0.92868,0.492594
23,0.35,theta,715,-1.725452,-1.768335,0.494523
23,0.35,theta,716,0.570333,0.76941,0.516853
23,0.35,theta,717,0.820794,0.491686,0.461143
23,0.35,theta,718,-0.537382,-0.63607,0.440712
23,0.35,theta,719,-0.993799,-0.314026,0.457505
23,0.35,theta,720,-0.038567,0.491145,0.451281
23,0.35,theta,721,-0.173881,0.106215,0.436901
23,0.35,theta,722,-0.602041,0.722937,0.473774
23,0.35,theta,723,1.658972,1.091725,0.527003
23,0.35,theta,724,-1.077154,-1.54276,0.455348
23,0.35,theta,725,-0.112844,-0.95282,0.447178
23,0.35,theta,726,-0.582584,-0.800707,0.453278
23,0.35,theta,727,-0.177313,-0.911036,0.432034
23,0.35,theta,728,-0.987474,-0.627217,0.461449
23,0.35,theta,729,0.377832,-0.169577,0.412387
23,0.35,theta,730,-0.325944,-0.213218,0.413696
23,0.35,theta,731,0.19117,0.872219,0.485876
23,0.35,theta,732,-1.088313,-1.57533,0.508455
23,0.35,theta,733,0.292873,0.117723,0.452714
23,0.35,theta,734,0.664554,1.259305,0.542415
23,0.35,theta,735,-2.336145,-1.50717,0.470112
23,0.35,theta,736,1.63368,1.50051,0.554869
23,0.35,theta,737,-1.190943,-0.881143,0.475473
23,0.35,theta,738,-0.799763,-0.971512,0.430759
23,0.35,theta,739,-0.828658,-0.646356,0.464052
23,0.35,theta,740,1.062597,0.746617,0.514295
23,0.35,theta,741,0.926044,0.991204,0.523406
23,0.35,theta,742,-0.50089,-0.075591,0.473894
23,0.35,theta,743,0.08705,-0.11605,0.465823
23,0.35,theta,744,-0.719524,-0.029247,0.406602
23,0.35,theta,745,-2.206321,-1.733815,0.49556
23,0.35,theta,746,1.406725,1.145425,0.535355
23,0.35,theta,747,-0.054745,-0.155908,0.416338
23,0.35,theta,748,-0.6768,-0.323316,0.415309
23,0.35,theta,749,-0.941579,-1.362025,0.494793
23,0.35,theta,750,0.865775,0.906369,0.488501
23,0.35,theta,751,-0.131533,0.424806,0.466075
23,0.35,theta,752,-0.467932,0.712748,0.487705
23,0.35,theta,753,0.299128,0.472115,0.497167
23,0.35,theta,754,-0.393942,-0.711304,0.417456
23,0.35,theta,755,-0.843433,-0.889542,0.493719
23,0.35,theta,756,0.10634,0.441092,0.46397
23,0.35,theta,757,-1.467126,-0.455274,0.460129
23,0.35,theta,758,0.048506,0.031675,0.462157
23,0.35,theta,759,-1.880411,-1.873615,0.504843
23,0.35,theta,760,-0.647478,-0.25793,0.428927
23,0.35,theta,761,1.229396,0.625083,0.473961
23,0.35,theta,762,0.692488,0.792182,0.487065
23,0.35,theta,763,1.101201,1.03367,0.483909
23,0.35,theta,764,-0.449681,-0.315486,0.42812
23,0.35,theta,765,-0.188694,0.117039,0.468904
23,0.35,theta,766,-0.4509,-1.15882,0.444611
23,0.35,theta,767,0.038849,-0.284538,0.426828
23,0.35,theta,768,0.888148,0.815848,0.514532
23,0.35,theta,769,-0.4834,-0.856122,0.421688
23,0.35,theta,770,-0.875963,-1.12914,0.447078
23,0.35,theta,771,-0.305044,-0.024162,0.452762
23,0.35,theta,772,-0.288926,0.514248,0.470585
23,0.35,theta,773,-1.160253,-0.57454,0.475128
23,0.35,theta,774,-1.348184,-1.46099,0.443566
23,0.35,theta,775,0.115929,0.063457,0.46568
23,0.35,theta,776,-0.48869,-1.32962,0.429407
23,0.35,theta,777,0.258443,0.902087,0.46964
23,0.35,theta,778,-0.519154,-0.840418,0.423703
23,0.35,theta,779,-0.80951,-1.343875,0.486768
23,0.35,theta,780,0.459684,0.33885,0.467348
23,0.35,theta,781,-0.696087,-1.100475,0.413912
23,0.35,theta,782,-0.405189,0.053775,0.430266
23,0.35,theta,783,1.041294,1.024655,0.496228
23,0.35,theta,784,-1.8562,-0.07819,0.415949
23,0.35,theta,785,-0.37113,-0.061151,0.428694
23,0.35,theta,786,0.134865,-0.118236,0.413186
23,0.35,theta,787,-0.43583,-0.537642,0.438863
23,0.35,theta,788,0.513947,1.15446,0.538069
23,0.35,theta,789,0.862697,0.951623,0.494294
23,0.35,theta,790,1.106747,1.05952,0.469503
23,0.35,theta,791,-1.185149,-1.349225,0.44041
23,0.35,theta,792,2.574106,2.38167,0.607431
23,0.35,theta,793,0.894296,0.994499,0.52908
23,0.35,theta,794,1.536508,1.080195,0.529869
23,0.35,theta,795,-0.276011,-0.256806,0.45588
23,0.35,theta,796,0.138268,0.428452,0.451914
23,0.35,theta,797,1.307126,0.164368,0.461014
23,0.35,theta,798,0.634425,0.750977,0.490578
23,0.35,theta,799,1.010483,0.813928,0.502006
23,0.35,theta,800,-0.564397,-0.817544,0.427489
23,0.35,theta,801,-0.428798,0.636562,0.458459
23,0.35,theta,802,0.6819,0.288992,0.468738
23,0.35,theta,803,0.384824,0.297948,0.427718
23,0.35,theta,804,-0.360354,-1.20974,0.448146
23,0.35,theta,805,0.669433,1.05834,0.511711
23,0.35,theta,806,1.331903,0.977163,0.516085
23,0.35,theta,807,0.038216,0.236227,0.463805
23,0.35,theta,808,-1.257986,-1.70344,0.492559
23,0.35,theta,809,-0.785357,-1.08769,0.480983
23,0.35,theta,810,0.63362,0.087627,0.485883
23,0.35,theta,811,0.875489,0.88567,0.487074
23,0.35,theta,812,-1.12597,-0.82191,0.466293
23,0.35,theta,813,0.388934,-0.128568,0.425122
23,0.35,theta,814,-0.784674,-1.382195,0.464765
23,0.35,theta,815,0.353746,-0.215106,0.433664
23,0.35,theta,816,0.205848,0.3464,0.445788
23,0.35,theta,817,0.768646,0.63325,0.463911
23,0.35,theta,818,-0.237476,0.354877,0.459034
23,0.35,theta,819,0.119992,0.076586,0.446449
23,0.35,theta,820,0.001089,0.826097,0.481913
23,0.35,theta,821,-0.707998,-1.63485,0.470851
23,0.35,theta,822,0.844928,0.403756,0.491667
23,0.35,theta,823,1.959853,1.75741,0.57961
23,0.35,theta,824,0.784167,0.508992,0.461126
23,0.35,theta,825,-0.551163,-0.666456,0.440328
23,0.35,theta,826,0.345653,1.181,0.510437
23,0.35,theta,827,-0.221724,0.70865,0.500767
23,0.35,theta,828,-0.146475,-0.905006,0.427941
23,0.35,theta,829,0.748832,0.934984,0.513498
23,0.35,theta,830,1.738212,0.20786,0.463554
23,0.35,theta,831,0.515371,1.13462,0.52402
23,0.35,theta,832,-0.556034,-0.784891,0.46517
23,0.35,theta,833,-0.258136,-0.331399,0.425764
23,0.35,theta,834,-0.565175,-0.22433,0.44496
23,0.35,theta,835,0.529537,0.778408,0.530781
23,0.35,theta,836,-0.71881,0.136651,0.395943
23,0.35,theta,837,0.30204,0.102767,0.464667
23,0.35,theta,838,0.492073,0.183956,0.482572
23,0.35,theta,839,-0.132403,0.658646,0.484419
23,0.35,theta,840,0.382079,0.054092,0.417033
23,0.35,theta,841,0.449189,0.506139,0.499846
23,0.35,theta,842,-1.086664,-1.422935,0.442541
23,0.35,theta,843,-0.053062,-0.433722,0.467189
23,0.35,theta,844,-0.298657,0.548714,0.479983
23,0.35,theta,845,1.030555,0.725838,0.491596
23,0.35,theta,846,1.821176,1.707545,0.570021
23,0.35,theta,847,0.565866,0.581432,0.476748
23,0.35,theta,848,0.8244,0.026674,0.46974
23,0.35,theta,849,-0.110592,-0.10365,0.446504
23,0.35,theta,850,-1.21646,-0.864254,0.448745
23,0.35,theta,851,-0.67415,-1.22117,0.448609
23,0.35,theta,852,0.446533,1.347855,0.526424
23,0.35,theta,853,0.750198,1.415395,0.551772
23,0.35,theta,854,-0.827629,-0.46216,0.424207
23,0.35,theta,855,2.237892,1.25359,0.518718
23,0.35,theta,856,-0.049132,0.025313,0.482846
23,0.35,theta,857,0.676378,0.615764,0.448361
23,0.35,theta,858,-0.864749,-0.83491,0.469879
23,0.35,theta,859,0.331974,0.652254,0.490635
23,0.35,theta,860,-0.668257,-0.797997,0.434864
23,0.35,theta,861,-0.484763,-0.913922,0.442582
23,0.35,theta,862,-1.816009,-0.935386,0.438839
23,0.35,theta,863,2.317803,1.13728,0.543619
23,0.35,theta,864,-1.39828,-0.35079,0.491462
23,0.35,theta,865,0.010639,0.064978,0.423665
23,0.35,theta,866,-0.60646,-0.83438,0.491047
23,0.35,theta,867,-0.4389,-0.565733,0.459097
23,0.35,theta,868,0.762533,0.943428,0.531115
23,0.35,theta,869,-0.497656,-0.548774,0.450651
23,0.35,theta,870,0.325986,0.030142,0.450561
23,0.35,theta,871,1.23761,1.13378,0.525512
23,0.35,theta,872,0.414208,-0.026253,0.449103
23,0.35,theta,873,0.339648,-0.754621,0.448337
23,0.35,theta,874,1.498385,0.839297,0.491162
23,0.35,theta,875,0.637399,0.271602,0.506118
23,0.35,theta,876,1.117109,1.44149,0.529503
23,0.35,theta,877,-0.478256,-0.717476,0.455303
23,0.35,theta,878,0.460345,0.916669,0.486242
23,0.35,theta,879,1.109045,0.822971,0.51877
23,0.35,theta,880,1.474884,1.31383,0.547711
23,0.35,theta,881,-0.277359,0.431743,0.46684
23,0.35,theta,882,-0.001647,-0.211296,0.408959
23,0.35,theta,883,0.317202,0.208376,0.4907
23,0.35,theta,884,0.780076,1.97852,0.575116
23,0.35,theta,885,1.027079,1.044055,0.491487
23,0.35,theta,886,-0.531082,-0.266602,0.45353
23,0.35,theta,887,2.665687,2.05634,0.599104
23,0.35,theta,888,-1.390559,0.221508,0.463906
23,0.35,theta,889,0.3142,0.17509,0.452947
23,0.35,theta,890,-0.203819,0.29503,0.477244
23,0.35,theta,891,-1.521244,-1.225,0.435941
23,0.35,theta,892,-0.635927,-0.899286,0.460895
23,0.35,theta,893,-1.186297,-2.12016,0.528616
23,0.35,theta,894,-0.212667,0.373532,0.437621
23,0.35,theta,895,-0.248827,-0.85795,0.468584
23,0.35,theta,896,-0.175592,0.182758,0.449326
23,0.35,theta,897,-0.448732,-0.058678,0.426982
23,0.35,theta,898,0.280655,0.509865,0.518195
23,0.35,theta,899,-1.221247,-1.40172,0.456183
23,0.35,theta,900,-0.093661,0.261327,0.472049
23,0.35,theta,901,0.121097,-0.083707,0.382923
23,0.35,theta,902,-0.152335,-0.002105,0.461738
23,0.35,theta,903,0.272707,-0.229272,0.428068
23,0.35,theta,904,-0.017942,0.269305,0.462696
23,0.35,theta,905,0.440919,1.2133,0.499197
23,0.35,theta,906,0.189787,-0.385964,0.38008
23,0.35,theta,907,-0.463653,-0.086888,0.450647
23,0.35,theta,908,1.258882,1.065335,0.512738
23,0.35,theta,909,-1.037511,-0.28727,0.442159
23,0.35,theta,910,1.640633,0.990318,0.526334
23,0.35,theta,911,-0.2416,-0.608357,0.435595
23,0.35,theta,912,0.005173,-0.048674,0.445925
23,0.35,theta,913,-0.771081,-0.970875,0.432681
23,0.35,theta,914,-2.072788,-1.08895,0.42792
23,0.35,theta,915,1.678816,1.471455,0.575414
23,0.35,theta,916,0.407821,0.567633,0.485783
23,0.35,theta,917,0.296903,0.368571,0.451188
23,0.35,theta,918,1.02672,0.579288,0.485494
23,0.35,theta,919,0.118647,0.525762,0.429261
23,0.35,theta,920,-2.471968,-1.148745,0.474149
23,0.35,theta,921,-0.477941,0.066781,0.416528
23,0.35,theta,922,-0.502227,-0.360097,0.433138
23,0.35,theta,923,-0.198673,-0.131551,0.434581
23,0.35,theta,924,-0.251151,0.022119,0.441458
23,0.35,theta,925,0.512612,0.432672,0.453108
23,0.35,theta,926,1.544504,1.194455,0.527231
23,0.35,theta,927,-0.462914,-0.665154,0.423129
23,0.35,theta,928,-1.003942,-0.133904,0.460627
23,0.35,theta,929,-0.663102,-0.799117,0.446463
23,0.35,theta,930,-0.031077,0.244636,0.436001
23,0.35,theta,931,1.115599,0.979603,0.506891
23,0.35,theta,932,-0.406968,-0.087764,0.471589
23,0.35,theta,933,0.459829,0.390646,0.480165
23,0.35,theta,934,2.112033,1.335895,0.532648
23,0.35,theta,935,0.022764,-0.133598,0.459731
23,0.35,theta,936,1.122686,1.048045,0.501273
23,0.35,theta,937,1.024602,0.626554,0.492475
23,0.35,theta,938,-0.732541,-0.212452,0.489565
23,0.35,theta,939,-1.300062,-0.694824,0.449422
23,0.35,theta,940,0.882181,1.351045,0.54462
23,0.35,theta,941,-0.871999,-0.126542,0.4449
23,0.35,theta,942,1.688893,1.30237,0.545924
23,0.35,theta,943,-0.600108,-0.084595,0.443791
23,0.35,theta,944,1.888685,2.35198,0.629321
23,0.35,theta,945,1.099808,0.310308,0.478328
23,0.35,theta,946,-2.026187,-1.851015,0.531063
23,0.35,theta,947,-1.911126,-1.511395,0.463212
23,0.35,theta,948,-0.051943,-0.158186,0.453049
23,0.35,theta,949,-0.447165,-0.511772,0.420041
23,0.35,theta,950,0.35201,0.372566,0.474297
23,0.35,theta,951,-0.066452,-0.30151,0.452766
23,0.35,theta,952,0.775976,0.430235,0.471548
23,0.35,theta,953,1.49007,1.035745,0.553784
23,0.35,theta,954,-0.661651,-0.62228,0.436515
23,0.35,theta,955,-1.290552,-1.088485,0.451944
23,0.35,theta,956,-1.239707,-0.2523,0.427132
23,0.35,theta,957,-0.522892,-0.304369,0.470007
23,0.35,theta,958,-0.559021,-0.034162,0.457727
23,0.35,theta,959,-0.537241,-0.882512,0.454084
23,0.35,theta,960,0.610188,0.2907,0.450152
23,0.35,theta,961,-0.560164,-0.417528,0.469222
23,0.35,theta,962,0.062061,0.261819,0.4364
23,0.35,theta,963,-0.088464,-0.596054,0.43393
23,0.35,theta,964,-1.405782,-1.06707,0.454654
23,0.35,theta,965,0.60937,0.932606,0.488406
23,0.35,theta,966,0.10312,1.15894,0.533098
23,0.35,theta,967,1.661557,0.111751,0.473691
23,0.35,theta,968,-1.817996,-0.445348,0.424336
23,0.35,theta,969,-0.208913,-0.71932,0.444773
23,0.35,theta,970,0.188849,0.05265,0.433959
23,0.35,theta,971,-0.971988,0.084852,0.449013
23,0.35,theta,972,-0.686311,0.009268,0.473018
23,0.35,theta,973,0.469284,0.384988,0.48983
23,0.35,theta,974,1.086514,0.280572,0.44128
23,0.35,theta,975,-0.485869,-0.759272,0.429338
23,0.35,theta,976,-0.034219,-0.490937,0.453661
23,0.35,theta,977,0.951536,1.763695,0.566963
23,0.35,theta,978,-0.2912,0.648924,0.453161
23,0.35,theta,979,-0.033015,-0.623775,0.451694
23,0.35,theta,980,-0.136549,0.053591,0.438189
23,0.35,theta,981,-1.489148,-1.16209,0.442533
23,0.35,theta,982,1.649037,1.653395,0.579902
23,0.35,theta,983,-0.244728,-0.686743,0.430975
23,0.35,theta,984,-0.298062,0.032742,0.426714
23,0.35,theta,985,-0.331847,0.126542,0.468989
23,0.35,theta,986,1.284343,1.3804,0.513461
23,0.35,theta,987,0.013408,0.189102,0.458988
23,0.35,theta,988,0.268551,-0.004363,0.439372
23,0.35,theta,989,0.233509,0.830065,0.4749
23,0.35,theta,990,1.875606,1.032435,0.524839
23,0.35,theta,991,0.40265,0.180048,0.458056
23,0.35,theta,992,-0.093169,0.270907,0.482764
23,0.35,theta,993,-1.446081,-1.1469,0.430425
23,0.35,theta,994,-0.337021,-0.085103,0.451128
23,0.35,theta,995,0.795152,1.215445,0.516673
23,0.35,theta,996,-0.208964,-0.112468,0.420441
23,0.35,theta,997,-1.402307,-0.241248,0.421944
23,0.35,theta,998,-1.393523,-0.197073,0.426715
23,0.35,theta,999,-0.046359,-0.9782,0.43111
23,0.35,theta,1000,-1.371741,-1.89896,0.489896
23,0.35,theta,1001,0.181377,0.259792,0.453498
23,0.35,theta,1002,0.280927,0.463641,0.508752
23,0.35,theta,1003,-1.089356,-1.308015,0.448464
23,0.35,theta,1004,-0.551436,-0.809602,0.436501
23,0.35,theta,1005,-0.323627,-0.501994,0.433615
23,0.35,theta,1006,-0.702543,-2.06959,0.522913
23,0.35,theta,1007,0.477624,0.522402,0.458597
23,0.35,theta,1008,-0.661734,-0.244816,0.438038
23,0.35,theta,1009,-1.674778,-1.0692,0.463331
23,0.35,theta,1010,1.040873,0.946847,0.506637
23,0.35,theta,1011,1.309248,0.385086,0.475721
23,0.35,theta,1012,0.638493,0.778186,0.453698
23,0.35,theta,1013,-1.410836,-0.943097,0.430255
23,0.35,theta,1014,1.523941,0.888539,0.469032
23,0.35,theta,1015,0.115003,0.080553,0.450497
23,0.35,theta,1016,2.358756,1.86405,0.570491
23,0.35,theta,1017,-1.038037,-0.981114,0.465922
23,0.35,theta,1018,-0.431047,-0.044248,0.461731
23,0.35,theta,1019,-0.33349,0.14349,0.456793
23,0.35,theta,1020,-0.366712,-0.368308,0.437748
23,0.35,theta,1021,-1.239078,-1.402955,0.467193
23,0.35,theta,1022,1.667224,1.10508,0.541765
23,0.35,theta,1023,-0.239216,-0.851228,0.451871
23,0.35,theta,1024,0.175651,0.748098,0.489228
23,0.35,theta,1025,-0.424694,0.25718,0.508958
23,0.35,theta,1026,0.758189,0.880421,0.489643
23,0.35,theta,1027,0.530508,0.310812,0.41252
23,0.35,theta,1028,-0.169776,-0.102467,0.437332
23,0.35,theta,1029,0.842486,0.872222,0.483291
23,0.35,theta,1030,-1.091387,-0.814976,0.46558
23,0.35,theta,1031,0.118861,0.503176,0.466478
23,0.35,theta,1032,-1.358764,-0.442026,0.415567
23,0.35,theta,1033,-0.495168,-0.587938,0.433341
23,0.35,theta,1034,1.34632,1.285915,0.534494
23,0.35,theta,1035,0.656538,1.8591,0.555064
23,0.35,theta,1036,0.467774,0.061757,0.493436
23,0.35,theta,1037,-0.117295,-0.212738,0.448901
23,0.35,theta,1038,1.187805,1.2991,0.524251
23,0.35,theta,1039,1.086309,0.451664,0.488794
23,0.35,theta,1040,-0.324133,-0.452407,0.432644
23,0.35,theta,1041,0.373883,0.545857,0.458627
23,0.35,theta,1042,-1.038534,-1.096145,0.450678
23,0.35,theta,1043,0.879142,0.755947,0.509738
23,0.35,theta,1044,0.110155,-0.35825,0.439916
23,0.35,theta,1045,0.193744,0.356697,0.472608
23,0.35,theta,1046,0.579724,0.807622,0.502569
23,0.35,theta,1047,0.76773,0.73326,0.463794
23,0.35,theta,1048,0.232364,0.148182,0.489375
23,0.35,theta,1049,0.621567,-0.499655,0.437571
23,0.35,theta,1050,-0.036196,0.434266,0.451265
23,0.35,theta,1051,1.625781,1.05216,0.521905
23,0.35,theta,1052,0.392137,0.269417,0.46878
23,0.35,theta,1053,0.850933,0.526573,0.479321
23,0.35,theta,1054,0.148434,0.50555,0.435751
23,0.35,theta,1055,-0.719954,-0.320584,0.439322
23,0.35,theta,1056,1.01401,0.479127,0.477833
23,0.35,theta,1057,-0.169856,-0.071889,0.446152
23,0.35,theta,1058,-1.838098,-1.14511,0.454031
23,0.35,theta,1059,-0.906725,-1.210775,0.423535
23,0.35,theta,1060,0.283323,1.1083,0.506811
23,0.35,theta,1061,0.302383,0.741538,0.47443
23,0.35,theta,1062,-1.024576,-1.59749,0.470375
23,0.35,theta,1063,1.34242,1.612305,0.566629
23,0.35,theta,1064,-0.472935,-0.509729,0.396144
23,0.35,theta,1065,0.416119,0.147926,0.453587
23,0.35,theta,1066,-0.811668,-0.850518,0.448781
23,0.35,theta,1067,0.533062,-0.047129,0.429434
23,0.35,theta,1068,-0.297853,-0.167782,0.4282
23,0.35,theta,1069,-0.558296,-0.676787,0.459025
23,0.35,theta,1070,0.197597,0.810584,0.451355
23,0.35,theta,1071,0.396198,0.458358,0.489916
23,0.35,theta,1072,0.82144,0.564143,0.466981
23,0.35,theta,1073,-0.465004,0.78526,0.502058
23,0.35,theta,1074,0.159999,0.391976,0.500227
23,0.35,theta,1075,0.61143,-0.422382,0.532383
23,0.35,theta,1076,-0.390615,-0.537638,0.434697
23,0.35,theta,1077,-1.234471,-1.543535,0.454176
23,0.35,theta,1078,-2.119582,-0.956044,0.449117
23,0.35,theta,1079,1.768011,1.546965,0.529427
23,0.35,theta,1080,-0.421701,-0.465946,0.421803
23,0.35,theta,1081,-0.035872,0.419006,0.449163
23,0.35,theta,1082,0.193647,0.24924,0.459771
23,0.35,theta,1083,-1.375184,-1.752785,0.51526
23,0.35,theta,1084,-1.950008,-1.82416,0.505583
23,0.35,theta,1085,-1.104771,-0.971442,0.451466
23,0.35,theta,1086,-0.555053,-0.27214,0.487977
23,0.35,theta,1087,-1.629631,-0.517449,0.469445
23,0.35,theta,1088,-0.782236,-0.979551,0.46805
23,0.35,theta,1089,0.32338,0.648488,0.470338
23,0.35,theta,1090,-1.510959,-1.900895,0.517376
23,0.35,theta,1091,1.082837,0.903738,0.470564
23,0.35,theta,1092,1.526701,1.524695,0.549756
23,0.35,theta,1093,0.436867,-0.282442,0.421895
23,0.35,theta,1094,-1.519566,-1.119625,0.462278
23,0.35,theta,1095,0.171316,-0.282486,0.465046
23,0.35,theta,1096,1.431057,1.17115,0.498941
23,0.35,theta,1097,-0.531248,-0.205878,0.451316
23,0.35,theta,1098,0.537723,-0.304044,0.418198
23,0.35,theta,1099,-0.162532,-0.233444,0.441469
23,0.35,theta,1100,-0.654773,-0.802136,0.44992
23,0.35,theta,1101,1.197026,1.189095,0.487436
23,0.35,theta,1102,-1.658912,-2.285765,0.506265
23,0.35,theta,1103,-0.857318,0.025524,0.4487
23,0.35,theta,1104,-0.176162,-1.03751,0.43838
23,0.35,theta,1105,0.209505,-0.305795,0.422151
23,0.35,theta,1106,0.434409,0.67156,0.487361
23,0.35,theta,1107,1.470352,1.609335,0.555667
23,0.35,theta,1108,-0.060064,0.111433,0.444326
23,0.35,theta,1109,-0.44713,-1.34707,0.454115
23,0.35,theta,1110,0.161183,0.530996,0.478018
23,0.35,theta,1111,0.945834,0.210572,0.428038
23,0.35,theta,1112,0.085118,0.715624,0.488958
23,0.35,theta,1113,1.175562,0.78408,0.461757
23,0.35,theta,1114,-0.081718,-0.137891,0.431684
23,0.35,theta,1115,-0.822793,-0.580632,0.420921
23,0.35,theta,1116,1.403186,0.523856,0.444207
23,0.35,theta,1117,0.753661,0.250556,0.473138
23,0.35,theta,1118,-0.324446,0.46189,0.463247
23,0.35,theta,1119,0.883937,1.436835,0.528373
23,0.35,theta,1120,-1.403441,-0.74457,0.411352
23,0.35,theta,1121,-0.497866,-0.367233,0.448563
23,0.35,theta,1122,-0.819335,-1.227915,0.449686
23,0.35,theta,1123,1.799664,0.87949,0.494024
23,0.35,theta,1124,1.098451,0.90517,0.492177
23,0.35,theta,1125,-0.624809,0.479122,0.473847
23,0.35,theta,1126,0.456766,-0.069953,0.437516
23,0.35,theta,1127,0.575889,0.622853,0.475966
23,0.35,theta,1128,0.406941,-0.016333,0.44421
23,0.35,theta,1129,-0.703902,-0.38094,0.420855
23,0.35,theta,1130,-0.572139,-0.053243,0.427552
23,0.35,theta,1131,-0.87644,-0.633228,0.422719
23,0.35,theta,1132,1.513368,1.207825,0.498343
23,0.35,theta,1133,-0.595389,-0.778413,0.441267
23,0.35,theta,1134,-2.086167,-2.1638,0.499974
23,0.35,theta,1135,0.33637,0.623407,0.488185
23,0.35,theta,1136,-0.547223,0.371457,0.438387
23,0.35,theta,1137,0.004705,0.926856,0.500386
23,0.35,theta,1138,0.57682,0.689706,0.505439
23,0.35,theta,1139,1.132,1.636085,0.556817
23,0.35,theta,1140,-1.020151,-0.528364,0.440969
23,0.35,theta,1141,-1.914887,-1.68085,0.483787
23,0.35,theta,1142,0.929844,1.044855,0.524193
23,0.35,theta,1143,2.147601,1.386405,0.533229
23,0.35,theta,1144,0.800569,0.841681,0.504486
23,0.35,theta,1145,0.316473,-0.258888,0.469477
23,0.35,theta,1146,0.774008,0.489977,0.463573
23,0.35,theta,1147,1.069904,0.653568,0.499775
23,0.35,theta,1148,0.052329,0.217347,0.440899
23,0.35,theta,1149,0.688787,0.320924,0.471999
23,0.35,theta,1150,-0.538775,-0.292257,0.424172
23,0.35,theta,1151,1.309684,1.140935,0.514309
23,0.35,theta,1152,-1.416816,-1.08912,0.462224
23,0.35,theta,1153,1.193889,1.040315,0.502754
23,0.35,theta,1154,0.657928,0.787675,0.479855
23,0.35,theta,1155,1.446321,1.3443,0.537371
23,0.35,theta,1156,-0.439478,-0.645836,0.404983
23,0.35,theta,1157,-0.518203,-0.373862,0.457904
23,0.35,theta,1158,1.270475,1.20483,0.551496
23,0.35,theta,1159,-1.666464,-0.906427,0.435042
23,0.35,theta,1160,0.150966,-0.475348,0.40962
23,0.35,theta,1161,0.430079,0.056883,0.493024
23,0.35,theta,1162,0.483715,1.285185,0.501514
23,0.35,theta,1163,-0.002311,-0.342364,0.481759
23,0.35,theta,1164,1.973758,1.72484,0.56678
23,0.35,theta,1165,0.536587,0.791149,0.499996
23,0.35,theta,1166,-0.573197,-0.77848,0.461207
23,0.35,theta,1167,1.140671,0.576145,0.478969
23,0.35,theta,1168,-0.207822,-0.455754,0.467151
23,0.35,theta,1169,-0.005152,0.411115,0.477282
23,0.35,theta,1170,0.338045,-0.347638,0.483118
23,0.35,theta,1171,0.362117,-0.038956,0.401151
23,0.35,theta,1172,0.971424,0.797681,0.479979
23,0.35,theta,1173,-0.970472,0.063488,0.455266
23,0.35,theta,1174,-0.517233,-0.388534,0.447313
23,0.35,theta,1175,1.578524,0.823666,0.557397
23,0.35,theta,1176,0.003457,0.016378,0.462906
23,0.35,theta,1177,-0.152839,-0.27193,0.451193
23,0.35,theta,1178,-0.211652,-0.102757,0.442487
23,0.35,theta,1179,-0.038808,0.392921,0.45729
23,0.35,theta,1180,-0.273377,0.174343,0.445451
23,0.35,theta,1181,-0.969503,-1.661795,0.492415
23,0.35,theta,1182,-0.317318,-0.888712,0.443256
23,0.35,theta,1183,0.645074,0.979506,0.503374
23,0.35,theta,1184,-1.972852,-0.539938,0.436101
23,0.35,theta,1185,0.114024,-0.3653,0.441797
23,0.35,theta,1186,-0.715961,0.240275,0.450784
23,0.35,theta,1187,0.367482,0.110248,0.421621
23,0.35,theta,1188,2.24769,1.435225,0.529275
23,0.35,theta,1189,-0.168137,-0.125312,0.438558
23,0.35,theta,1190,0.15878,0.690991,0.475771
23,0.35,theta,1191,-0.504687,-0.049619,0.479083
23,0.35,theta,1192,1.781394,1.306695,0.549556
23,0.35,theta,1193,0.301621,-1.38819,0.488258
23,0.35,theta,1194,-0.212382,0.062002,0.409212
23,0.35,theta,1195,-0.361688,-1.520735,0.515983
23,0.35,theta,1196,0.329936,0.21864,0.468707
23,0.35,theta,1197,0.145751,-0.971592,0.442077
23,0.35,theta,1198,1.664383,0.700702,0.489754
23,0.35,theta,1199,-0.941087,-0.139012,0.452534
23,0.35,theta,1200,0.088469,-0.445896,0.442144
23,0.35,theta,1201,-1.368655,-1.33719,0.467414
23,0.35,theta,1202,-0.642733,-0.364324,0.44508
23,0.35,theta,1203,0.441496,0.475955,0.500672
23,0.35,theta,1204,-0.552596,-1.211005,0.481815
23,0.35,theta,1205,0.121288,-0.19412,0.456946
23,0.35,theta,1206,0.258186,-0.435398,0.430658
23,0.35,theta,1207,0.006451,-0.613004,0.448528
23,0.35,theta,1208,1.261388,1.04839,0.527629
23,0.35,theta,1209,0.407975,0.58275,0.479749
23,0.35,theta,1210,0.636315,0.566897,0.498772
23,0.35,theta,1211,-0.141092,-0.933046,0.472921
23,0.35,theta,1212,-0.064929,-1.141385,0.449122
23,0.35,theta,1213,-0.563537,0.03851,0.44643
23,0.35,theta,1214,0.43601,0.744962,0.509541
23,0.35,theta,1215,-0.014799,-0.325628,0.438599
23,0.35,theta,1216,3.938067,2.686925,0.651051
23,0.35,theta,1217,-0.61029,0.189153,0.454312
23,0.35,theta,1218,-0.353656,-0.026575,0.41192
23,0.35,theta,1219,0.008723,0.335788,0.458192
23,0.35,theta,1220,-1.215312,-1.11774,0.474141
23,0.35,theta,1221,-0.240789,0.419019,0.425006
23,0.35,theta,1222,-0.669963,-0.608148,0.438853
23,0.35,theta,1223,-1.470456,-1.22383,0.431572
23,0.35,theta,1224,0.721932,0.307172,0.510735
23,0.35,theta,1225,0.262464,0.497396,0.451068
23,0.35,theta,1226,0.268656,0.351114,0.453132
23,0.35,theta,1227,-1.688696,-0.38691,0.466733
23,0.35,theta,1228,-0.525232,-1.694235,0.495228
23,0.35,theta,1229,-0.173038,0.074075,0.467363
23,0.35,theta,1230,-0.104627,0.300067,0.469571
23,0.35,theta,1231,-1.445009,-2.028775,0.520713
23,0.35,theta,1232,0.228416,0.062744,0.451238
23,0.35,theta,1233,0.798338,0.597575,0.469993
23,0.35,theta,1234,-1.204331,-1.54037,0.459684
23,0.35,theta,1235,0.798873,0.31558,0.454677
23,0.35,theta,1236,-1.778021,-1.75063,0.496742
23,0.35,theta,1237,0.750615,0.711471,0.473191
23,0.35,theta,1238,-1.114488,-0.997774,0.450743
23,0.35,theta,1239,-0.611295,-0.556147,0.419964
23,0.35,theta,1240,-0.579129,-1.03807,0.451063
23,0.35,theta,1241,-0.456592,-0.207783,0.440832
23,0.35,theta,1242,-0.537533,0.053423,0.454846
23,0.35,theta,1243,1.214828,0.732124,0.495684
23,0.35,theta,1244,0.825712,0.347562,0.470411
23,0.35,theta,1245,1.304483,0.738957,0.479234
23,0.35,theta,1246,0.456567,-0.552211,0.44732
23,0.35,theta,1247,-1.170702,-1.340065,0.482926
23,0.35,theta,1248,-0.162556,-1.42213,0.457349
23,0.35,theta,1249,-2.164769,-0.966218,0.456575
23,0.35,theta,1250,1.044093,0.321614,0.435172
23,0.35,theta,1251,0.011905,0.281089,0.42902
23,0.35,theta,1252,1.621897,1.78673,0.56553
23,0.35,theta,1253,-0.341624,0.669668,0.516763
23,0.35,theta,1254,0.46136,0.137002,0.418769
23,0.35,theta,1255,-0.93921,0.2626,0.512318
23,0.35,theta,1256,1.853886,1.118005,0.496499
23,0.35,theta,1257,-0.146396,-0.060475,0.476506
23,0.35,theta,1258,1.477051,1.06323,0.505545
23,0.35,theta,1259,0.260686,0.711036,0.511
23,0.35,theta,1260,0.156608,0.316292,0.483825
23,0.35,theta,1261,-0.296932,-0.516356,0.441589
23,0.35,theta,1262,0.547452,0.432357,0.456551
23,0.35,theta,1263,-1.253463,-1.211395,0.450778
23,0.35,theta,1264,-0.186928,-0.774538,0.433756
23,0.35,theta,1265,-0.543557,0.300238,0.461827
23,0.35,theta,1266,1.48089,1.42438,0.542621
23,0.35,theta,1267,-0.460019,-0.138985,0.474722
23,0.35,theta,1268,0.437569,0.62448,0.49393
23,0.35,theta,1269,-0.748623,-0.558923,0.434858
23,0.35,theta,1270,-0.806631,-0.544514,0.429172
23,0.35,theta,1271,0.095457,-0.257133,0.447315
23,0.35,theta,1272,-0.628357,-0.950601,0.475528
23,0.35,theta,1273,0.354246,0.248973,0.491013
23,0.35,theta,1274,-1.707203,-1.74844,0.496524
23,0.35,theta,1275,-0.425158,-0.825041,0.451042
23,0.35,theta,1276,1.046377,1.28772,0.509381
23,0.35,theta,1277,-1.27685,-1.55559,0.488729
23,0.35,theta,1278,1.759827,1.35856,0.554655
23,0.35,theta,1279,0.198842,0.490292,0.476103
23,0.35,theta,1280,0.297386,0.188281,0.474613
23,0.35,theta,1281,2.034318,1.12676,0.502499
23,0.35,theta,1282,1.025331,0.841586,0.492725
23,0.35,theta,1283,-0.560937,-0.864742,0.459973
23,0.35,theta,1284,0.803133,1.146195,0.519083
23,0.35,theta,1285,0.356331,0.637514,0.462391
23,0.35,theta,1286,0.320223,0.392419,0.487836
23,0.35,theta,1287,-1.607101,-1.424475,0.469071
23,0.35,theta,1288,-0.365991,-0.102646,0.458058
23,0.35,theta,1289,0.335877,0.208867,0.445981
23,0.35,theta,1290,-0.306975,0.195987,0.45059
23,0.35,theta,1291,-0.513906,-0.769871,0.423234
23,0.35,theta,1292,-1.925499,-1.595205,0.484999
23,0.35,theta,1293,0.512746,0.408446,0.466849
23,0.35,theta,1294,0.873359,0.91688,0.531238
23,0.35,theta,1295,0.011421,0.468343,0.477801
23,0.35,theta,1296,-1.102038,-0.860664,0.47067
23,0.35,theta,1297,0.171444,-0.415278,0.433402
23,0.35,theta,1298,-0.903932,-1.3167,0.444737
23,0.35,theta,1299,1.040821,1.082825,0.490617
23,0.35,theta,1300,3.055944,2.05539,0.589472
23,0.35,theta,1301,-0.067366,0.352292,0.474528
23,0.35,theta,1302,-0.636043,-1.053335,0.436844
23,0.35,theta,1303,-0.602126,-0.341258,0.455457
23,0.35,theta,1304,-1.912936,-2.193065,0.534219
23,0.35,theta,1305,0.179869,-0.143897,0.449051
23,0.35,theta,1306,-1.187843,-1.388905,0.463071
23,0.35,theta,1307,-1.805396,-2.3957,0.516285
23,0.35,theta,1308,0.563165,0.381839,0.506983
23,0.35,theta,1309,0.733805,0.315361,0.436736
23,0.35,theta,1310,0.29264,0.404107,0.451446
23,0.35,theta,1311,0.92518,1.22099,0.51923
23,0.35,theta,1312,-0.140545,0.16652,0.412176
23,0.35,theta,1313,-0.411551,0.116086,0.443084
23,0.35,theta,1314,-1.235577,-1.03197,0.437897
23,0.35,theta,1315,-0.902346,-1.28303,0.460283
23,0.35,theta,1316,0.600311,0.558394,0.508714
23,0.35,theta,1317,0.533156,-0.722744,0.446187
23,0.35,theta,1318,0.112241,-0.186938,0.432485
23,0.35,theta,1319,2.414064,1.53498,0.561979
23,0.35,theta,1320,-1.332585,-0.708066,0.423807
23,0.35,theta,1321,0.205709,-0.085032,0.458662
23,0.35,theta,1322,-0.906454,-0.466648,0.43893
23,0.35,theta,1323,-0.176359,0.546373,0.471671
23,0.35,theta,1324,-0.902961,-0.725258,0.406043
23,0.35,theta,1325,-1.221244,0.08719,0.469853
23,0.35,theta,1326,0.014317,0.346996,0.47475
23,0.35,theta,1327,1.139389,0.80082,0.489489
23,0.35,theta,1328,1.739546,0.432491,0.500679
23,0.35,theta,1329,-0.798228,-1.633465,0.483082
23,0.35,theta,1330,0.279733,1.138505,0.518529
23,0.35,theta,1331,-1.512557,-1.035385,0.46954
23,0.35,theta,1332,-0.063955,0.472048,0.483226
23,0.35,theta,1333,0.182855,0.910737,0.504572
23,0.35,theta,1334,-0.638738,-0.784714,0.481844
23,0.35,theta,1335,1.726754,1.30349,0.530155
23,0.35,theta,1336,-0.26384,0.39526,0.460123
23,0.35,theta,1337,0.176114,-0.079969,0.464438
23,0.35,theta,1338,-1.205469,-0.323778,0.469894
23,0.35,theta,1339,0.124845,-0.640306,0.478611
23,0.35,theta,1340,1.407588,1.117185,0.53466
23,0.35,theta,1341,0.526994,0.418072,0.474299
23,0.35,theta,1342,-0.922969,-1.184435,0.425514
23,0.35,theta,1343,0.082293,-0.048205,0.47466
23,0.35,theta,1344,1.928634,1.260415,0.535771
23,0.35,theta,1345,0.194695,0.215585,0.465521
23,0.35,theta,1346,-0.514088,0.277103,0.459351
23,0.35,theta,1347,-0.869377,0.206854,0.429744
23,0.35,theta,1348,-1.393378,-1.68103,0.508311
23,0.35,theta,1349,0.290089,-0.138722,0.460567
23,0.35,theta,1350,-0.371708,0.126527,0.471972
23,0.35,theta,1351,-0.845685,-0.800986,0.471762
23,0.35,theta,1352,-2.267001,-1.40475,0.475404
23,0.35,theta,1353,0.073017,-0.18265,0.470748
23,0.35,theta,1354,2.137089,1.49292,0.583112
23,0.35,theta,1355,-1.439651,-0.922258,0.44996
23,0.35,theta,1356,0.737591,-0.069575,0.457052
23,0.35,theta,1357,-0.341602,-0.578458,0.426782
23,0.35,theta,1358,1.004964,0.623082,0.479537
23,0.35,theta,1359,0.96905,1.272315,0.505299
23,0.35,theta,1360,-1.185528,-1.033615,0.453043
23,0.35,theta,1361,1.514031,1.311995,0.501818
23,0.35,theta,1362,-1.486593,-1.86937,0.491758
23,0.35,theta,1363,-0.765213,-0.590208,0.453387
23,0.35,theta,1364,-0.493342,-0.347027,0.437964
23,0.35,theta,1365,0.547217,0.27559,0.461676
23,0.35,theta,1366,-2.047697,-0.882043,0.444493
23,0.35,theta,1367,-2.439135,-0.643176,0.423137
23,0.35,theta,1368,-0.421298,-0.605632,0.423555
23,0.35,theta,1369,-0.052239,0.762604,0.496015
23,0.35,theta,1370,-1.081323,-0.133947,0.442157
23,0.35,theta,1371,1.120089,1.83551,0.571002
23,0.35,theta,1372,0.243907,0.187746,0.454852
23,0.35,theta,1373,-0.770066,-0.45354,0.443595
23,0.35,theta,1374,1.345346,0.874673,0.514567
23,0.35,theta,1375,-0.988024,-0.38303,0.423171
23,0.35,theta,1376,-0.584979,-0.616656,0.455984
23,0.35,theta,1377,-0.297105,0.087301,0.451873
23,0.35,theta,1378,0.529579,0.735745,0.518231
23,0.35,theta,1379,1.173565,1.057485,0.524653
23,0.35,theta,1380,0.946134,0.180812,0.478362
23,0.35,theta,1381,-1.641249,-1.043845,0.463708
23,0.35,theta,1382,-0.645768,-0.194186,0.435592
23,0.35,theta,1383,-0.20035,0.226076,0.459939
23,0.35,theta,1384,-0.365523,-0.889927,0.42437
23,0.35,theta,1385,-0.289234,0.025234,0.437845
23,0.35,theta,1386,-0.690161,0.174629,0.496487
23,0.35,theta,1387,-0.013005,-0.105004,0.442519
23,0.35,theta,1388,0.493197,0.72444,0.461903
23,0.35,theta,1389,-1.350215,-2.3303,0.535454
23,0.35,theta,1390,-0.190849,0.007092,0.426725
23,0.35,theta,1391,1.8871,1.958385,0.578219
23,0.35,theta,1392,0.006719,0.729981,0.486961
23,0.35,theta,1393,-0.247532,0.374183,0.487773
23,0.35,theta,1394,0.701027,0.411222,0.493363
23,0.35,theta,1395,-0.482499,-1.094865,0.449488
23,0.35,theta,1396,1.131483,1.66091,0.561046
23,0.35,theta,1397,-1.578966,-1.91293,0.495046
23,0.35,theta,1398,-0.180381,-0.176397,0.424079
23,0.35,theta,1399,0.92882,0.877952,0.493932
23,0.35,theta,1400,-0.93416,-0.636746,0.418967
23,0.35,theta,1401,-1.360787,-0.525434,0.436342
23,0.35,theta,1402,-0.794677,-1.024925,0.446217
23,0.35,theta,1403,0.182732,0.364266,0.504451
23,0.35,theta,1404,-0.362791,-0.602415,0.433341
23,0.35,theta,1405,-0.747645,-0.180926,0.449643
23,0.35,theta,1406,0.503337,-0.44427,0.484152
23,0.35,theta,1407,2.032146,1.25915,0.505038
23,0.35,theta,1408,-0.339494,-1.081715,0.432894
23,0.35,theta,1409,-0.626202,-0.671097,0.423613
23,0.35,theta,1410,0.341158,0.090661,0.397718
23,0.35,theta,1411,-3.963862,-1.561365,0.501932
23,0.35,theta,1412,0.283903,0.58478,0.490516
23,0.35,theta,1413,0.821869,0.832628,0.502275
23,0.35,theta,1414,0.758059,0.228186,0.486133
23,0.35,theta,1415,-1.103365,-1.43436,0.451355
23,0.35,theta,1416,-0.328967,-1.06555,0.475308
23,0.35,theta,1417,0.10136,-0.612783,0.418301
23,0.35,theta,1418,-0.735063,-0.63762,0.429198
23,0.35,theta,1419,-0.875688,-1.487525,0.474917
23,0.35,theta,1420,0.253897,-0.395518,0.408014
23,0.35,theta,1421,-0.618795,-0.401675,0.433891
23,0.35,theta,1422,-0.572222,-1.52322,0.476088
23,0.35,theta,1423,0.249836,0.517297,0.438625
23,0.35,theta,1424,-1.282536,-1.675735,0.514922
23,0.35,theta,1425,0.903215,0.55489,0.46449
23,0.35,theta,1426,0.47204,-0.232189,0.472749
23,0.35,theta,1427,-0.585091,-1.001495,0.412999
23,0.35,theta,1428,0.718193,0.859653,0.487142
23,0.35,theta,1429,0.509481,0.281974,0.450712
23,0.35,theta,1430,-0.739819,-0.955546,0.444012
23,0.35,theta,1431,0.133159,-0.177256,0.412105
23,0.35,theta,1432,-0.077695,-0.307126,0.446249
23,0.35,theta,1433,0.922954,0.063514,0.473794
23,0.35,theta,1434,0.860381,0.390206,0.492978
23,0.35,theta,1435,0.258368,0.441094,0.486242
23,0.35,theta,1436,0.625156,0.78797,0.464201
23,0.35,theta,1437,-1.686001,-1.43947,0.485002
23,0.35,theta,1438,-1.009815,-1.400195,0.467902
23,0.35,theta,1439,-0.304919,0.052246,0.475601
23,0.35,theta,1440,0.260593,0.056944,0.456479
23,0.35,theta,1441,0.69737,0.700057,0.47184
23,0.35,theta,1442,0.997102,0.875276,0.510661
23,0.35,theta,1443,-0.740014,-0.200116,0.415389
23,0.35,theta,1444,-0.1609,0.43234,0.456227
23,0.35,theta,1445,0.283005,0.165443,0.446167
23,0.35,theta,1446,-1.025065,-0.797108,0.440006
23,0.35,theta,1447,0.699537,0.464193,0.45007
23,0.35,theta,1448,1.46411,1.008455,0.497649
23,0.35,theta,1449,-0.208773,0.196276,0.50784
23,0.35,theta,1450,0.121075,-0.267452,0.458292
23,0.35,theta,1451,2.274646,1.60265,0.533097
23,0.35,theta,1452,-0.270607,-0.18718,0.424455
23,0.35,theta,1453,-0.230036,-0.687102,0.426435
23,0.35,theta,1454,-0.124893,-0.581932,0.423485
23,0.35,theta,1455,-2.060441,-2.25655,0.540718
23,0.35,theta,1456,1.363254,1.23129,0.534597
23,0.35,theta,1457,2.04593,1.08085,0.550693
23,0.35,theta,1458,0.800624,0.702023,0.482078
23,0.35,theta,1459,1.680313,0.50846,0.439121
23,0.35,theta,1460,-0.6778,-0.365717,0.42594
23,0.35,theta,1461,0.979393,0.787802,0.479733
23,0.35,theta,1462,0.673643,0.301813,0.445474
23,0.35,theta,1463,-0.352056,-0.786338,0.415273
23,0.35,theta,1464,0.892349,0.755639,0.503096
23,0.35,theta,1465,0.175855,0.237506,0.400448
23,0.35,theta,1466,0.243724,-0.383289,0.462219
23,0.35,theta,1467,0.528921,0.680553,0.481169
23,0.35,theta,1468,0.327624,0.692471,0.488371
23,0.35,theta,1469,-0.08381,-0.478061,0.457199
23,0.35,theta,1470,1.300356,1.039485,0.515626
23,0.35,theta,1471,-2.05031,-2.35702,0.527916
23,0.35,theta,1472,0.21923,-0.425856,0.440016
23,0.35,theta,1473,-0.259374,0.344267,0.457266
23,0.35,theta,1474,1.278365,0.853246,0.527059
23,0.35,theta,1475,-0.057975,0.22074,0.411149
23,0.35,theta,1476,-2.649417,-2.52536,0.560437
23,0.35,theta,1477,-0.176423,-0.514152,0.437508
23,0.35,theta,1478,1.020811,1.44494,0.545441
23,0.35,theta,1479,1.069396,0.647768,0.461039
23,0.35,theta,1480,1.695473,1.768165,0.575905
23,0.35,theta,1481,-0.290633,-0.119858,0.466747
23,0.35,theta,1482,-0.012903,-0.849445,0.484159
23,0.35,theta,1483,0.208154,-0.502417,0.463701
23,0.35,theta,1484,-1.833625,-2.13318,0.50638
23,0.35,theta,1485,0.069478,-0.489824,0.436227
23,0.35,theta,1486,1.061302,0.676235,0.447132
23,0.35,theta,1487,-0.3325,-0.675437,0.411611
23,0.35,theta,1488,0.894817,0.53144,0.490189
23,0.35,theta,1489,-0.453862,0.093323,0.442758
23,0.35,theta,1490,-0.475172,-0.577639,0.440893
23,0.35,theta,1491,1.098362,0.556208,0.476785
23,0.35,theta,1492,-0.482062,-0.034107,0.490042
23,0.35,theta,1493,-0.717339,-0.755364,0.422066
23,0.35,theta,1494,1.535369,0.784404,0.491068
23,0.35,theta,1495,0.304765,0.019785,0.485832
23,0.35,theta,1496,0.347127,0.273684,0.455873
23,0.35,theta,1497,1.641315,1.147235,0.523176
23,0.35,theta,1498,-1.787803,-1.47774,0.488503
23,0.35,theta,1499,2.123009,1.507425,0.55305
23,0.35,theta,1500,1.279375,1.319945,0.539885
23,0.35,beta,1,-1.872214,-1.8691,0.23603
23,0.35,beta,2,-1.859928,-2.230235,0.244792
23,0.35,beta,3,-1.83805,-2.204115,0.233184
23,0.35,beta,4,-1.562529,-1.886975,0.222203
23,0.35,beta,5,-1.553881,-2.098695,0.234348
23,0.35,beta,6,-1.548193,-1.945555,0.234758
23,0.35,beta,7,-1.52648,-1.74983,0.220148
23,0.35,beta,8,-1.505006,-1.81494,0.205233
23,0.35,beta,9,-1.4898,-2.06443,0.222235
23,0.35,beta,10,-1.393686,-1.618775,0.187475
23,0.35,beta,11,-1.368873,-1.53499,0.209864
23,0.35,beta,12,-1.259741,-1.777845,0.197731
23,0.35,beta,13,-1.220337,-1.92123,0.229337
23,0.35,beta,14,-1.208438,-1.299095,0.173099
23,0.35,beta,15,-1.166284,-1.48808,0.194957
23,0.35,beta,16,-1.149247,-1.714335,0.226972
23,0.35,beta,17,-1.135075,-1.31376,0.192702
23,0.35,beta,18,-1.117165,-1.248235,0.197697
23,0.35,beta,19,-1.073802,-1.543115,0.207884
23,0.35,beta,20,-1.042581,-1.39555,0.180025
23,0.35,beta,21,-1.022378,-1.636845,0.202832
23,0.35,beta,22,-1.015617,-1.483555,0.193129
23,0.35,beta,23,-1.013966,-1.546785,0.208074
23,0.35,beta,24,-0.96424,-1.38454,0.203453
23,0.35,beta,25,-0.928886,-1.05896,0.171185
23,0.35,beta,26,-0.89055,-1.632195,0.194714
23,0.35,beta,27,-0.880016,-1.34279,0.18024
23,0.35,beta,28,-0.878109,-1.74562,0.221086
23,0.35,beta,29,-0.861118,-1.031765,0.161182
23,0.35,beta,30,-0.787947,-1.156685,0.209322
23,0.35,beta,31,-0.780131,-1.42792,0.212343
23,0.35,beta,32,-0.772736,-1.32567,0.184354
23,0.35,beta,33,-0.74835,-1.09338,0.1928
23,0.35,beta,34,-0.713611,-1.20294,0.190694
23,0.35,beta,35,-0.671068,-1.119265,0.17139
23,0.35,beta,36,-0.663356,-1.095415,0.184034
23,0.35,beta,37,-0.658493,-1.183635,0.161211
23,0.35,beta,38,-0.65633,-1.465015,0.20282
23,0.35,beta,39,-0.587338,-1.009135,0.170961
23,0.35,beta,40,-0.580675,-0.824265,0.185874
23,0.35,beta,41,-0.572277,-1.136185,0.168399
23,0.35,beta,42,-0.549767,-1.032485,0.174025
23,0.35,beta,43,-0.549612,-1.11915,0.176231
23,0.35,beta,44,-0.529684,-1.30408,0.174627
23,0.35,beta,45,-0.518415,-1.17587,0.194734
23,0.35,beta,46,-0.501442,-0.853488,0.188309
23,0.35,beta,47,-0.501429,-1.124925,0.209738
23,0.35,beta,48,-0.497251,-1.115465,0.184417
23,0.35,beta,49,-0.457552,-1.37921,0.184792
23,0.35,beta,50,-0.425331,-0.786422,0.164827
23,0.35,beta,51,-0.385308,-0.940745,0.172581
23,0.35,beta,52,-0.356405,-0.855056,0.157188
23,0.35,beta,53,-0.355496,-0.851934,0.164457
23,0.35,beta,54,-0.333607,-0.915216,0.164731
23,0.35,beta,55,-0.302633,-1.07909,0.196133
23,0.35,beta,56,-0.287038,-1.12196,0.16839
23,0.35,beta,57,-0.283479,-0.986426,0.187375
23,0.35,beta,58,-0.26118,-0.559949,0.163967
23,0.35,beta,59,-0.258938,-0.721392,0.164588
23,0.35,beta,60,-0.254047,-0.849516,0.210804
23,0.35,beta,61,-0.234845,-1.139615,0.191263
23,0.35,beta,62,-0.225052,-0.647846,0.164841
23,0.35,beta,63,-0.214757,-1.047345,0.167941
23,0.35,beta,64,-0.212701,-0.387278,0.156727
23,0.35,beta,65,-0.208436,-1.123555,0.212793
23,0.35,beta,66,-0.199664,-0.69734,0.158394
23,0.35,beta,67,-0.173477,-0.576112,0.182387
23,0.35,beta,68,-0.166573,-0.998744,0.184848
23,0.35,beta,69,-0.143474,-0.574141,0.165131
23,0.35,beta,70,-0.128811,-0.729285,0.170718
23,0.35,beta,71,-0.126502,-0.948344,0.193809
23,0.35,beta,72,-0.109546,-0.586542,0.146215
23,0.35,beta,73,-0.09011,-0.732981,0.184052
23,0.35,beta,74,-0.069634,-0.413552,0.156808
23,0.35,beta,75,-0.062695,-0.725679,0.153169
23,0.35,beta,76,-0.061496,-0.82253,0.18179
23,0.35,beta,77,-0.056473,-0.493498,0.160212
23,0.35,beta,78,-0.020113,-0.722337,0.166643
23,0.35,beta,79,-0.002142,-0.926986,0.177896
23,0.35,beta,80,0.050135,-0.843954,0.20102
23,0.35,beta,81,0.074489,-0.279758,0.156461
23,0.35,beta,82,0.112377,-0.472258,0.170293
23,0.35,beta,83,0.115293,-0.863707,0.172726
23,0.35,beta,84,0.132256,-0.506828,0.162522
23,0.35,beta,85,0.186963,-0.210366,0.143527
23,0.35,beta,86,0.193027,-0.465234,0.163843
23,0.35,beta,87,0.334716,-0.317303,0.177062
23,0.35,beta,88,0.409741,-0.147903,0.156939
23,0.35,beta,89,0.410888,-0.705686,0.170225
23,0.35,beta,90,0.412883,-0.059632,0.15864
23,0.35,beta,91,0.434151,-0.316361,0.15471
23,0.35,beta,92,0.449334,-0.502104,0.186821
23,0.35,beta,93,0.460855,-0.192025,0.150448
23,0.35,beta,94,0.485082,-0.265588,0.164576
23,0.35,beta,95,0.487374,-0.454242,0.162213
23,0.35,beta,96,0.570937,-0.168336,0.159137
23,0.35,beta,97,0.615765,-0.042231,0.158924
23,0.35,beta,98,0.621299,-0.18655,0.172825
23,0.35,beta,99,0.628461,-0.074585,0.160111
23,0.35,beta,100,0.631984,-0.246103,0.145521
23,0.35,beta,101,0.666804,-0.266854,0.148049
23,0.35,beta,102,0.687088,0.260202,0.164096
23,0.35,beta,103,0.740495,0.109512,0.192524
23,0.35,beta,104,0.744856,-0.075602,0.165967
23,0.35,beta,105,0.760906,0.062343,0.158457
23,0.35,beta,106,0.76236,-0.086006,0.15186
23,0.35,beta,107,0.802052,-0.156392,0.181174
23,0.35,beta,108,0.805184,-0.166758,0.155696
23,0.35,beta,109,0.814335,0.462088,0.16932
23,0.35,beta,110,0.843496,0.275767,0.186825
23,0.35,beta,111,0.87108,0.3521,0.170739
23,0.35,beta,112,0.884755,-0.084873,0.159933
23,0.35,beta,113,0.917303,-0.060744,0.160616
23,0.35,beta,114,0.964925,0.481248,0.191557
23,0.35,beta,115,1.016995,0.731042,0.189232
23,0.35,beta,116,1.024499,0.449239,0.166124
23,0.35,beta,117,1.090939,0.115824,0.159595
23,0.35,beta,118,1.118573,0.278107,0.159107
23,0.35,beta,119,1.123984,0.274734,0.169648
23,0.35,beta,120,1.212238,0.217199,0.171265
23,0.35,beta,121,1.299428,0.693202,0.173799
23,0.35,beta,122,1.401755,0.77099,0.191087
23,0.35,beta,123,1.66222,0.935142,0.214054
23,0.35,beta,124,1.672906,0.942316,0.178934
23,0.35,beta,125,1.825544,0.838419,0.208933
23,0.35,beta,126,2.575553,1.824885,0.257891
23,0.35,beta,127,2.831846,0.649974,0.188084
23,0.35,beta,128,3.148176,2.432005,0.30317
23,0.35,alpha,1,1.768037,1.123155,0.241638
23,0.35,alpha,2,0.901819,0.852129,0.221114
23,0.35,alpha,3,0.809881,0.861872,0.216268
23,0.35,alpha,4,0.710207,0.981468,0.215856
23,0.35,alpha,5,0.502325,0.815978,0.20209
23,0.35,alpha,6,0.819037,0.956908,0.245222
23,0.35,alpha,7,1.621853,1.12227,0.242783
23,0.35,alpha,8,0.705357,0.720622,0.166296
23,0.35,alpha,9,0.381674,0.729205,0.181715
23,0.35,alpha,10,0.805056,0.748164,0.172206
23,0.35,alpha,11,1.566276,1.24298,0.275496
23,0.35,alpha,12,0.465535,0.649963,0.161731
23,0.35,alpha,13,1.050524,1.07883,0.248844
23,0.35,alpha,14,0.882564,0.552218,0.127509
23,0.35,alpha,15,1.81373,1.03262,0.217825
23,0.35,alpha,16,0.947366,0.82558,0.201064
23,0.35,alpha,17,1.370423,1.092625,0.232366
23,0.35,alpha,18,1.949386,1.271235,0.239851
23,0.35,alpha,19,0.859346,0.936569,0.204507
23,0.35,alpha,20,0.487207,0.52155,0.13487
23,0.35,alpha,21,0.700521,0.837562,0.198946
23,0.35,alpha,22,0.526253,0.70516,0.166197
23,0.35,alpha,23,1.173285,0.973546,0.224461
23,0.35,alpha,24,1.513801,1.176585,0.245237
23,0.35,alpha,25,1.055579,0.859818,0.186138
23,0.35,alpha,26,0.88577,0.97616,0.211036
23,0.35,alpha,27,0.359587,0.611868,0.149476
23,0.35,alpha,28,1.40148,1.15857,0.245659
23,0.35,alpha,29,1.604324,0.763054,0.17251
23,0.35,alpha,30,1.981928,1.412195,0.286265
23,0.35,alpha,31,0.955094,0.818504,0.202427
23,0.35,alpha,32,0.485132,0.695364,0.16893
23,0.35,alpha,33,1.397108,1.00583,0.205546
23,0.35,alpha,34,1.281313,1.268305,0.266182
23,0.35,alpha,35,1.282635,0.716296,0.176628
23,0.35,alpha,36,1.225233,0.910896,0.195063
23,0.35,alpha,37,0.612647,0.654546,0.147841
23,0.35,alpha,38,1.142915,0.845177,0.188336
23,0.35,alpha,39,1.094304,0.947499,0.199791
23,0.35,alpha,40,1.541153,1.11175,0.228353
23,0.35,alpha,41,0.951803,0.715248,0.161316
23,0.35,alpha,42,0.972503,0.622176,0.143009
23,0.35,alpha,43,0.74367,0.874476,0.188154
23,0.35,alpha,44,0.532541,0.636673,0.149542
23,0.35,alpha,45,1.709261,1.10059,0.229637
23,0.35,alpha,46,3.222237,1.45194,0.290467
23,0.35,alpha,47,1.783689,1.373695,0.305096
23,0.35,alpha,48,1.091155,1.006795,0.213492
23,0.35,alpha,49,1.028417,0.78839,0.180602
23,0.35,alpha,50,1.671998,0.863508,0.181425
23,0.35,alpha,51,0.97717,0.775305,0.171001
23,0.35,alpha,52,0.653635,0.57094,0.130654
23,0.35,alpha,53,1.146423,0.987649,0.189574
23,0.35,alpha,54,1.057262,0.741291,0.159472
23,0.35,alpha,55,2.274749,1.18642,0.262009
23,0.35,alpha,56,0.613834,0.647312,0.157579
23,0.35,alpha,57,1.696346,1.1958,0.233589
23,0.35,alpha,58,0.727913,0.774204,0.177764
23,0.35,alpha,59,1.042946,0.846645,0.175474
23,0.35,alpha,60,2.283237,1.650015,0.324305
23,0.35,alpha,61,1.604602,1.09671,0.21917
23,0.35,alpha,62,0.541797,0.767658,0.178073
23,0.35,alpha,63,1.240453,0.999832,0.217156
23,0.35,alpha,64,1.130759,0.82723,0.190705
23,0.35,alpha,65,2.829312,1.432885,0.284383
23,0.35,alpha,66,0.889364,0.984392,0.209371
23,0.35,alpha,67,3.319556,1.303655,0.26135
23,0.35,alpha,68,1.236144,1.36857,0.26656
23,0.35,alpha,69,0.681241,0.775308,0.180791
23,0.35,alpha,70,2.119208,0.977246,0.208345
23,0.35,alpha,71,1.244406,1.245195,0.265348
23,0.35,alpha,72,0.322654,0.461356,0.112915
23,0.35,alpha,73,1.766106,1.392805,0.270682
23,0.35,alpha,74,0.823381,0.637647,0.148716
23,0.35,alpha,75,0.754121,0.489389,0.122006
23,0.35,alpha,76,1.63385,1.24318,0.238809
23,0.35,alpha,77,1.065236,1.038645,0.218725
23,0.35,alpha,78,0.770644,0.838163,0.178803
23,0.35,alpha,79,2.252562,1.264375,0.246042
23,0.35,alpha,80,1.748799,1.57153,0.341906
23,0.35,alpha,81,1.104369,0.876828,0.202568
23,0.35,alpha,82,0.788315,1.074365,0.221721
23,0.35,alpha,83,0.961835,0.965188,0.206756
23,0.35,alpha,84,0.519909,0.707552,0.161873
23,0.35,alpha,85,0.561436,0.578185,0.137622
23,0.35,alpha,86,1.401593,1.22563,0.230826
23,0.35,alpha,87,0.799208,1.173825,0.239334
23,0.35,alpha,88,1.080845,1.24178,0.240818
23,0.35,alpha,89,1.932766,1.257245,0.242772
23,0.35,alpha,90,1.17976,0.819042,0.183805
23,0.35,alpha,91,2.154952,0.850184,0.191003
23,0.35,alpha,92,2.600373,1.829365,0.371578
23,0.35,alpha,93,0.67197,0.556239,0.122959
23,0.35,alpha,94,1.312778,1.04966,0.223621
23,0.35,alpha,95,0.781472,0.72405,0.16527
23,0.35,alpha,96,0.951435,0.673373,0.159634
23,0.35,alpha,97,0.714285,0.950654,0.207256
23,0.35,alpha,98,1.799753,1.261985,0.253109
23,0.35,alpha,99,1.474502,0.862814,0.181905
23,0.35,alpha,100,0.425201,0.702582,0.150322
23,0.35,alpha,101,0.58416,0.879333,0.179712
23,0.35,alpha,102,0.80383,0.78817,0.181638
23,0.35,alpha,103,1.802922,1.38305,0.314241
23,0.35,alpha,104,1.183513,1.127505,0.230886
23,0.35,alpha,105,0.564988,0.859993,0.199667
23,0.35,alpha,106,1.108911,0.762683,0.172326
23,0.35,alpha,107,2.982893,1.766005,0.325177
23,0.35,alpha,108,0.575276,0.676737,0.162265
23,0.35,alpha,109,0.453253,0.752333,0.172874
23,0.35,alpha,110,1.97219,1.550995,0.329054
23,0.35,alpha,111,0.710516,1.10515,0.232368
23,0.35,alpha,112,1.126574,0.94856,0.209571
23,0.35,alpha,113,1.473727,0.936358,0.194417
23,0.35,alpha,114,1.132518,1.348545,0.300337
23,0.35,alpha,115,0.881333,1.03585,0.235416
23,0.35,alpha,116,0.367831,0.718685,0.157826
23,0.35,alpha,117,1.290301,0.976695,0.210006
23,0.35,alpha,118,0.720541,0.801072,0.190289
23,0.35,alpha,119,0.84474,1.28833,0.262211
23,0.35,alpha,120,2.579367,1.261735,0.255862
23,0.35,alpha,121,0.753914,1.079675,0.229314
23,0.35,alpha,122,0.943051,1.187915,0.258708
23,0.35,alpha,123,1.613658,1.60872,0.332312
23,0.35,alpha,124,0.472957,0.797622,0.191297
23,0.35,alpha,125,1.845962,1.363485,0.322537
23,0.35,alpha,126,0.99257,1.19831,0.268956
23,0.35,alpha,127,2.433543,1.141975,0.236493
23,0.35,alpha,128,1.19457,1.118555,0.293685
