seed,thresh,param,trial,latent,predicted,stdev
76,0.0,theta,1,0.434671,0.126856,0.534778
76,0.0,theta,2,1.715218,1.147545,0.567392
76,0.0,theta,3,-2.476284,-1.387365,0.52654
76,0.0,theta,4,0.935325,0.746162,0.539654
76,0.0,theta,5,1.012927,0.558644,0.565699
76,0.0,theta,6,1.875175,1.70784,0.596431
76,0.0,theta,7,-0.569346,-0.167748,0.530174
76,0.0,theta,8,0.732207,0.902818,0.561247
76,0.0,theta,9,-1.456032,-1.329705,0.500967
76,0.0,theta,10,0.638676,0.497886,0.53524
76,0.0,theta,11,-0.169719,-0.337208,0.474619
76,0.0,theta,12,2.366434,1.950715,0.58666
76,0.0,theta,13,0.041538,0.037441,0.552021
76,0.0,theta,14,-1.284337,-0.214976,0.543042
76,0.0,theta,15,0.499015,0.315224,0.508407
76,0.0,theta,16,0.943571,0.308746,0.518475
76,0.0,theta,17,-0.343385,-0.110374,0.532138
76,0.0,theta,18,-1.154804,-0.795535,0.495808
76,0.0,theta,19,-0.219084,0.434661,0.510441
76,0.0,theta,20,1.193074,0.659819,0.567103
76,0.0,theta,21,1.642863,1.223615,0.582642
76,0.0,theta,22,0.173407,0.725062,0.540995
76,0.0,theta,23,-1.209745,-0.377756,0.506395
76,0.0,theta,24,-1.681192,-1.15332,0.485073
76,0.0,theta,25,0.492255,0.982954,0.568222
76,0.0,theta,26,-0.83096,-0.639662,0.474446
76,0.0,theta,27,0.371079,0.626974,0.540457
76,0.0,theta,28,-0.746461,-0.769738,0.526241
76,0.0,theta,29,-1.022038,-0.41497,0.49987
76,0.0,theta,30,0.177741,0.208382,0.540621
76,0.0,theta,31,-0.612346,-0.296494,0.520207
76,0.0,theta,32,-0.043204,0.159628,0.508713
76,0.0,theta,33,-1.4199,-0.765061,0.470678
76,0.0,theta,34,0.277117,-0.23367,0.513734
76,0.0,theta,35,0.361182,-0.119982,0.490915
76,0.0,theta,36,-1.622079,-0.612394,0.494358
76,0.0,theta,37,1.625763,0.88916,0.53479
76,0.0,theta,38,-1.006495,-0.590451,0.512005
76,0.0,theta,39,-1.279424,-1.87497,0.529979
76,0.0,theta,40,0.168716,0.542772,0.530272
76,0.0,theta,41,0.974149,0.904843,0.560296
76,0.0,theta,42,-0.287418,-0.820816,0.550799
76,0.0,theta,43,1.464471,1.746185,0.590008
76,0.0,theta,44,0.167317,0.407602,0.522482
76,0.0,theta,45,1.463257,1.08288,0.566499
76,0.0,theta,46,-0.420812,-0.383448,0.466975
76,0.0,theta,47,-0.668785,-0.698864,0.492236
76,0.0,theta,48,-0.802205,-0.700183,0.487713
76,0.0,theta,49,0.25911,0.418898,0.542949
76,0.0,theta,50,0.97029,1.70206,0.608871
76,0.0,theta,51,-0.817851,-0.894329,0.497076
76,0.0,theta,52,1.678676,0.671674,0.546358
76,0.0,theta,53,0.780943,1.18995,0.566361
76,0.0,theta,54,0.387721,0.665576,0.578391
76,0.0,theta,55,-1.143026,-1.08265,0.529672
76,0.0,theta,56,0.835514,1.087665,0.572705
76,0.0,theta,57,0.353499,-0.609224,0.487038
76,0.0,theta,58,-0.666311,-1.297715,0.492717
76,0.0,theta,59,-0.332063,-0.848378,0.530884
76,0.0,theta,60,-1.003222,-1.20969,0.466893
76,0.0,theta,61,1.380104,0.381066,0.555469
76,0.0,theta,62,-0.208589,0.049227,0.496856
76,0.0,theta,63,1.054537,1.59379,0.577127
76,0.0,theta,64,0.719271,-0.080712,0.538877
76,0.0,theta,65,-0.145947,0.325908,0.540185
76,0.0,theta,66,-1.345667,-0.043987,0.505725
76,0.0,theta,67,1.087104,0.580026,0.514696
76,0.0,theta,68,1.561319,0.996494,0.537529
76,0.0,theta,69,-0.327496,-0.8648,0.506598
76,0.0,theta,70,-1.097672,-0.502448,0.512154
76,0.0,theta,71,0.45711,-0.166352,0.530916
76,0.0,theta,72,-0.064356,-0.75719,0.443749
76,0.0,theta,73,-0.251905,0.257688,0.543158
76,0.0,theta,74,-1.035149,-0.802018,0.495692
76,0.0,theta,75,-0.282272,-0.243512,0.529183
76,0.0,theta,76,-0.914835,-0.803927,0.550077
76,0.0,theta,77,-0.910763,-0.436133,0.510094
76,0.0,theta,78,0.347956,0.738031,0.534412
76,0.0,theta,79,-1.400914,-1.58848,0.503376
76,0.0,theta,80,0.910123,0.538845,0.541791
76,0.0,theta,81,0.446614,0.453539,0.5621
76,0.0,theta,82,0.304838,-0.008803,0.510255
76,0.0,theta,83,-0.4191,-0.812674,0.497507
76,0.0,theta,84,-0.92948,-0.25878,0.524307
76,0.0,theta,85,0.038051,0.551278,0.546051
76,0.0,theta,86,0.041799,0.00457,0.514371
76,0.0,theta,87,0.534488,-0.240282,0.539428
76,0.0,theta,88,1.126828,0.927384,0.569569
76,0.0,theta,89,1.783997,1.282575,0.595606
76,0.0,theta,90,-1.117962,-0.700798,0.52371
76,0.0,theta,91,-1.86503,0.113111,0.509213
76,0.0,theta,92,-1.549752,-0.912662,0.54543
76,0.0,theta,93,-0.53665,-0.371062,0.529925
76,0.0,theta,94,1.196028,0.463716,0.52836
76,0.0,theta,95,0.346968,-0.296514,0.471603
76,0.0,theta,96,0.340644,0.402647,0.577933
76,0.0,theta,97,-0.142365,-0.956311,0.512108
76,0.0,theta,98,0.174699,-0.314183,0.526438
76,0.0,theta,99,0.352291,0.195342,0.526785
76,0.0,theta,100,0.144536,-0.675895,0.510109
76,0.0,theta,101,-0.188519,-0.236293,0.51969
76,0.0,theta,102,-0.234725,0.519253,0.555568
76,0.0,theta,103,0.84823,0.295407,0.527906
76,0.0,theta,104,-0.345241,-0.460844,0.492048
76,0.0,theta,105,-0.845411,-0.23472,0.5373
76,0.0,theta,106,0.681683,0.748142,0.585396
76,0.0,theta,107,0.567924,0.98253,0.593668
76,0.0,theta,108,-0.699274,-0.026131,0.540643
76,0.0,theta,109,0.157961,-0.155353,0.471441
76,0.0,theta,110,-2.876962,-1.2233,0.520371
76,0.0,theta,111,0.762177,0.897852,0.526861
76,0.0,theta,112,1.237899,1.692815,0.625251
76,0.0,theta,113,-1.243369,-1.14682,0.533055
76,0.0,theta,114,1.504833,0.608888,0.520645
76,0.0,theta,115,0.183469,-0.702354,0.501929
76,0.0,theta,116,0.262215,0.716656,0.56761
76,0.0,theta,117,0.638032,1.533285,0.591019
76,0.0,theta,118,0.624814,0.160674,0.51867
76,0.0,theta,119,0.958189,0.635262,0.509573
76,0.0,theta,120,-0.677229,-0.54,0.509803
76,0.0,theta,121,0.820475,-0.111536,0.547884
76,0.0,theta,122,0.234447,-0.497192,0.486525
76,0.0,theta,123,-0.214812,-0.42545,0.464558
76,0.0,theta,124,0.69758,1.249675,0.560469
76,0.0,theta,125,0.482147,0.67331,0.560848
76,0.0,theta,126,-0.735582,-0.805762,0.472647
76,0.0,theta,127,-0.334298,-0.161114,0.540629
76,0.0,theta,128,0.843574,1.40265,0.576675
76,0.0,theta,129,0.216767,0.3041,0.502944
76,0.0,theta,130,0.616722,0.662072,0.538444
76,0.0,theta,131,1.382264,1.215985,0.562317
76,0.0,theta,132,-0.386487,-0.510677,0.515637
76,0.0,theta,133,0.455029,0.436764,0.515063
76,0.0,theta,134,-0.730453,-0.088214,0.459274
76,0.0,theta,135,-0.082048,1.211955,0.560067
76,0.0,theta,136,0.55007,0.179168,0.564948
76,0.0,theta,137,-1.463697,-0.66765,0.556346
76,0.0,theta,138,-1.014635,-0.342478,0.519058
76,0.0,theta,139,-2.425615,-2.39478,0.536948
76,0.0,theta,140,0.264321,-0.312909,0.489695
76,0.0,theta,141,0.959827,1.20044,0.582779
76,0.0,theta,142,1.337819,1.69761,0.60059
76,0.0,theta,143,-0.912097,-0.418118,0.513851
76,0.0,theta,144,-0.459471,-0.049806,0.551099
76,0.0,theta,145,0.524737,0.197,0.519988
76,0.0,theta,146,0.463145,0.54764,0.534559
76,0.0,theta,147,-1.466832,-1.45499,0.486397
76,0.0,theta,148,0.263435,-0.507579,0.50792
76,0.0,theta,149,1.452137,2.316495,0.589952
76,0.0,theta,150,1.116431,0.711428,0.564419
76,0.0,theta,151,0.985247,1.010285,0.533387
76,0.0,theta,152,-1.580786,-0.869178,0.519072
76,0.0,theta,153,-0.500033,-0.99477,0.490621
76,0.0,theta,154,0.160515,0.612285,0.538719
76,0.0,theta,155,2.404278,0.851888,0.534187
76,0.0,theta,156,-0.781526,-0.608334,0.488372
76,0.0,theta,157,-0.655907,-0.535133,0.462255
76,0.0,theta,158,-0.309099,-0.556764,0.522234
76,0.0,theta,159,0.438352,0.059948,0.520602
76,0.0,theta,160,-1.828926,-1.879675,0.54209
76,0.0,theta,161,-0.752585,-1.26496,0.495979
76,0.0,theta,162,0.981724,0.697004,0.553472
76,0.0,theta,163,-0.291682,-0.38732,0.52493
76,0.0,theta,164,-1.353491,-0.520636,0.535631
76,0.0,theta,165,-0.958026,-0.676681,0.579191
76,0.0,theta,166,0.023895,-0.523306,0.518135
76,0.0,theta,167,1.05458,0.566638,0.542856
76,0.0,theta,168,-0.2283,-0.691768,0.463818
76,0.0,theta,169,0.400935,0.714426,0.552281
76,0.0,theta,170,0.321539,-0.017919,0.526875
76,0.0,theta,171,0.116922,0.424701,0.491664
76,0.0,theta,172,-0.622734,-0.086672,0.518943
76,0.0,theta,173,-1.97182,-0.784546,0.527462
76,0.0,theta,174,-0.174521,0.160348,0.535249
76,0.0,theta,175,0.23574,0.997666,0.533425
76,0.0,theta,176,-0.259479,-0.84738,0.511454
76,0.0,theta,177,-1.5905,-1.813135,0.522401
76,0.0,theta,178,1.113261,0.789858,0.560078
76,0.0,theta,179,-1.381169,-0.098667,0.577338
76,0.0,theta,180,0.0211,0.032742,0.504821
76,0.0,theta,181,1.036925,0.056922,0.527582
76,0.0,theta,182,-0.442834,0.139504,0.468977
76,0.0,theta,183,-0.605644,-0.673227,0.535964
76,0.0,theta,184,0.325362,-0.004433,0.499639
76,0.0,theta,185,0.052446,-0.00789,0.517526
76,0.0,theta,186,0.67781,0.453938,0.565028
76,0.0,theta,187,-0.249213,0.111735,0.519113
76,0.0,theta,188,1.887649,1.072215,0.569374
76,0.0,theta,189,-1.601841,-1.01993,0.565739
76,0.0,theta,190,-0.668537,-0.634156,0.464103
76,0.0,theta,191,-1.509332,-0.861781,0.484279
76,0.0,theta,192,1.245061,1.04089,0.55758
76,0.0,theta,193,1.19615,0.915546,0.613693
76,0.0,theta,194,0.075618,0.157913,0.483347
76,0.0,theta,195,0.856919,0.917306,0.532551
76,0.0,theta,196,1.583428,1.03318,0.564657
76,0.0,theta,197,1.131989,0.54615,0.560575
76,0.0,theta,198,-1.054526,-1.315135,0.524018
76,0.0,theta,199,-0.147258,0.758102,0.554727
76,0.0,theta,200,-0.504239,-0.775421,0.509906
76,0.0,theta,201,0.202609,0.229174,0.533931
76,0.0,theta,202,0.35404,0.533189,0.545452
76,0.0,theta,203,1.333471,1.06105,0.573362
76,0.0,theta,204,0.129796,0.50663,0.538028
76,0.0,theta,205,-1.865416,-1.50527,0.506004
76,0.0,theta,206,1.798781,1.96229,0.619491
76,0.0,theta,207,1.120773,0.768262,0.545744
76,0.0,theta,208,0.077769,-0.458469,0.511685
76,0.0,theta,209,0.568419,0.921851,0.565348
76,0.0,theta,210,0.530786,0.139052,0.522374
76,0.0,theta,211,0.807365,0.780884,0.568435
76,0.0,theta,212,-0.974084,-0.703683,0.520715
76,0.0,theta,213,0.665461,0.97618,0.551496
76,0.0,theta,214,0.536092,0.952898,0.566795
76,0.0,theta,215,-1.164221,-0.607001,0.519123
76,0.0,theta,216,-1.140441,-1.026725,0.515685
76,0.0,theta,217,0.352759,-0.202514,0.527039
76,0.0,theta,218,-0.482371,-1.29155,0.528617
76,0.0,theta,219,0.127715,0.030862,0.488291
76,0.0,theta,220,-0.175732,0.012598,0.51003
76,0.0,theta,221,0.610077,0.464758,0.544693
76,0.0,theta,222,-0.527569,-0.040609,0.553957
76,0.0,theta,223,-1.0304,-1.06299,0.48304
76,0.0,theta,224,0.475569,0.486676,0.533564
76,0.0,theta,225,-1.254746,-0.887708,0.53855
76,0.0,theta,226,-0.813406,-1.52475,0.491754
76,0.0,theta,227,-0.970555,-0.306607,0.532826
76,0.0,theta,228,1.00782,0.477838,0.554613
76,0.0,theta,229,0.541213,0.223272,0.516674
76,0.0,theta,230,1.818639,0.949589,0.583056
76,0.0,theta,231,-0.307504,-0.262997,0.492789
76,0.0,theta,232,0.091592,0.33912,0.560753
76,0.0,theta,233,0.476629,0.56415,0.550287
76,0.0,theta,234,1.308142,0.46746,0.547307
76,0.0,theta,235,0.222778,-0.437656,0.51256
76,0.0,theta,236,0.089938,0.201552,0.491227
76,0.0,theta,237,-0.162684,0.032392,0.520371
76,0.0,theta,238,0.236123,0.040907,0.524083
76,0.0,theta,239,-0.539811,-0.036431,0.484838
76,0.0,theta,240,0.585162,0.441631,0.505467
76,0.0,theta,241,0.959885,0.541239,0.524343
76,0.0,theta,242,0.315663,-0.292838,0.48942
76,0.0,theta,243,0.826156,0.312608,0.521087
76,0.0,theta,244,-1.264076,-1.179575,0.503929
76,0.0,theta,245,1.24079,0.514082,0.534252
76,0.0,theta,246,-0.757366,-0.759551,0.496132
76,0.0,theta,247,0.586354,0.574942,0.538521
76,0.0,theta,248,-0.817804,-1.42852,0.548909
76,0.0,theta,249,-1.670607,-0.801447,0.533538
76,0.0,theta,250,0.107934,0.355521,0.564332
76,0.0,theta,251,0.518445,-0.362768,0.511297
76,0.0,theta,252,-1.089043,-0.741096,0.487669
76,0.0,theta,253,0.015286,-0.91019,0.504263
76,0.0,theta,254,0.443034,0.037618,0.521804
76,0.0,theta,255,0.321263,-0.177423,0.508468
76,0.0,theta,256,0.416855,0.040161,0.547258
76,0.0,theta,257,-0.593917,-0.402695,0.553098
76,0.0,theta,258,0.493393,0.22334,0.495865
76,0.0,theta,259,-0.842241,-0.762054,0.528396
76,0.0,theta,260,-1.198227,-1.177705,0.524222
76,0.0,theta,261,0.321169,0.235208,0.542161
76,0.0,theta,262,0.618104,0.058241,0.519114
76,0.0,theta,263,0.460614,0.489302,0.529513
76,0.0,theta,264,-0.429201,-0.126495,0.557939
76,0.0,theta,265,-0.857815,-0.72009,0.505774
76,0.0,theta,266,0.965742,0.506288,0.594293
76,0.0,theta,267,-0.999292,-0.519653,0.529388
76,0.0,theta,268,-1.837433,-1.0633,0.533811
76,0.0,theta,269,1.16356,0.95449,0.529498
76,0.0,theta,270,0.13847,0.190806,0.516264
76,0.0,theta,271,1.182575,1.07774,0.569386
76,0.0,theta,272,-0.920311,-0.310081,0.501172
76,0.0,theta,273,-0.523449,0.475376,0.555502
76,0.0,theta,274,-0.544088,-0.946882,0.471565
76,0.0,theta,275,0.359823,0.380286,0.539506
76,0.0,theta,276,1.048626,1.033955,0.589031
76,0.0,theta,277,-0.560003,-0.247654,0.469426
76,0.0,theta,278,-0.379196,-0.338507,0.493568
76,0.0,theta,279,0.009782,0.397815,0.508645
76,0.0,theta,280,1.852902,1.53781,0.589
76,0.0,theta,281,1.123319,1.09494,0.581965
76,0.0,theta,282,0.380756,-0.457816,0.502022
76,0.0,theta,283,1.201537,0.771722,0.556149
76,0.0,theta,284,1.609009,1.58008,0.580368
76,0.0,theta,285,1.01807,0.32463,0.539801
76,0.0,theta,286,-0.189102,0.405444,0.568795
76,0.0,theta,287,-1.163972,-0.576998,0.553516
76,0.0,theta,288,-0.52447,-0.87379,0.517517
76,0.0,theta,289,0.089848,-0.258851,0.517241
76,0.0,theta,290,0.105832,-0.290137,0.518996
76,0.0,theta,291,-0.222179,-0.592919,0.531889
76,0.0,theta,292,-1.371022,-1.02576,0.518875
76,0.0,theta,293,1.694395,1.74059,0.619746
76,0.0,theta,294,-0.002677,-0.523926,0.512831
76,0.0,theta,295,-0.942274,-0.750929,0.494031
76,0.0,theta,296,2.140699,1.102585,0.586251
76,0.0,theta,297,0.656565,-0.025398,0.492158
76,0.0,theta,298,-0.755762,-0.853986,0.504601
76,0.0,theta,299,-0.31357,-0.342709,0.47758
76,0.0,theta,300,0.246449,0.490364,0.527515
76,0.0,theta,301,0.47991,-0.2767,0.522077
76,0.0,theta,302,1.361496,0.658251,0.55631
76,0.0,theta,303,0.75056,1.55934,0.602846
76,0.0,theta,304,-0.420363,0.605796,0.564522
76,0.0,theta,305,0.831045,0.535377,0.517113
76,0.0,theta,306,0.20174,0.353611,0.538559
76,0.0,theta,307,-0.157442,0.254325,0.518339
76,0.0,theta,308,-0.018328,0.028499,0.564469
76,0.0,theta,309,-1.510446,-1.516645,0.516976
76,0.0,theta,310,0.678554,0.590876,0.543284
76,0.0,theta,311,-1.340253,-1.61676,0.536868
76,0.0,theta,312,-1.704148,-1.52055,0.520389
76,0.0,theta,313,1.189203,1.19718,0.534453
76,0.0,theta,314,0.592724,0.15538,0.497214
76,0.0,theta,315,-0.659333,-0.073109,0.504674
76,0.0,theta,316,-0.135599,0.519806,0.556092
76,0.0,theta,317,0.583291,0.279277,0.521676
76,0.0,theta,318,0.420208,-0.413806,0.524958
76,0.0,theta,319,0.671106,0.1256,0.507839
76,0.0,theta,320,-0.155506,-0.135024,0.507468
76,0.0,theta,321,2.09843,2.51234,0.625676
76,0.0,theta,322,-0.11324,0.215006,0.53514
76,0.0,theta,323,0.292983,0.058324,0.551909
76,0.0,theta,324,-1.058629,-1.3939,0.484082
76,0.0,theta,325,-0.084811,0.097335,0.522841
76,0.0,theta,326,0.546264,1.31182,0.57891
76,0.0,theta,327,0.386087,0.068549,0.528264
76,0.0,theta,328,-0.392866,-0.538538,0.515156
76,0.0,theta,329,-0.375687,-0.626414,0.499366
76,0.0,theta,330,-0.78119,-0.814426,0.51937
76,0.0,theta,331,-0.822979,-0.909693,0.519559
76,0.0,theta,332,1.402812,1.796105,0.602332
76,0.0,theta,333,1.347756,0.764904,0.567272
76,0.0,theta,334,-1.818099,-1.353575,0.536971
76,0.0,theta,335,1.003736,0.19665,0.565345
76,0.0,theta,336,-1.52592,-0.795278,0.531411
76,0.0,theta,337,1.586644,0.6275,0.553269
76,0.0,theta,338,-0.57002,-1.02896,0.523222
76,0.0,theta,339,-1.858121,-2.269315,0.529861
76,0.0,theta,340,-0.293611,0.401706,0.538934
76,0.0,theta,341,1.443516,1.626035,0.598821
76,0.0,theta,342,-0.499679,-0.596826,0.538997
76,0.0,theta,343,-1.046318,-0.1625,0.50704
76,0.0,theta,344,0.186073,-0.126674,0.556607
76,0.0,theta,345,1.10429,1.010145,0.53545
76,0.0,theta,346,-1.545129,-1.01009,0.535203
76,0.0,theta,347,1.335645,1.022075,0.561236
76,0.0,theta,348,1.006107,0.888458,0.547445
76,0.0,theta,349,1.900566,0.749304,0.5399
76,0.0,theta,350,-0.294282,-0.504654,0.48172
76,0.0,theta,351,0.128399,0.218242,0.558186
76,0.0,theta,352,0.025897,0.531033,0.561526
76,0.0,theta,353,-0.357698,-0.30352,0.526629
76,0.0,theta,354,0.415952,0.506304,0.530911
76,0.0,theta,355,0.196117,0.02262,0.549436
76,0.0,theta,356,-1.152687,-0.622136,0.509129
76,0.0,theta,357,0.404548,-0.285064,0.498188
76,0.0,theta,358,-1.891573,-1.06031,0.50333
76,0.0,theta,359,-0.42499,-0.317632,0.515223
76,0.0,theta,360,0.348291,0.307926,0.556405
76,0.0,theta,361,-0.354591,0.194922,0.525113
76,0.0,theta,362,2.290293,2.170495,0.605775
76,0.0,theta,363,0.590511,0.167115,0.543876
76,0.0,theta,364,-0.288282,0.01394,0.494224
76,0.0,theta,365,1.53692,0.886697,0.564581
76,0.0,theta,366,0.551507,1.103765,0.615309
76,0.0,theta,367,0.337982,0.293728,0.509788
76,0.0,theta,368,-0.036696,-0.956749,0.502875
76,0.0,theta,369,0.769823,0.125749,0.529974
76,0.0,theta,370,-0.380056,-0.526034,0.483353
76,0.0,theta,371,1.402455,1.32297,0.557773
76,0.0,theta,372,-0.682245,-0.513526,0.503338
76,0.0,theta,373,0.884008,0.790236,0.5607
76,0.0,theta,374,0.148332,0.385039,0.547642
76,0.0,theta,375,0.527012,0.255445,0.551375
76,0.0,theta,376,0.800353,1.41759,0.596618
76,0.0,theta,377,-1.988598,-1.83103,0.527602
76,0.0,theta,378,-1.622286,-1.52809,0.514192
76,0.0,theta,379,-1.384706,-0.806042,0.53603
76,0.0,theta,380,-1.576352,-0.613314,0.510536
76,0.0,theta,381,-0.483624,-0.223718,0.513712
76,0.0,theta,382,-0.474875,-0.577396,0.482784
76,0.0,theta,383,0.015038,0.184637,0.56351
76,0.0,theta,384,-0.394696,-0.011694,0.500782
76,0.0,theta,385,-0.122492,0.161382,0.523163
76,0.0,theta,386,0.943592,0.792466,0.555347
76,0.0,theta,387,0.756869,-0.597806,0.487448
76,0.0,theta,388,-1.785752,-1.145575,0.536885
76,0.0,theta,389,-0.591618,-0.690291,0.501077
76,0.0,theta,390,-0.678644,-1.120835,0.516587
76,0.0,theta,391,-1.373197,-0.575914,0.507928
76,0.0,theta,392,0.296453,0.774382,0.567427
76,0.0,theta,393,-1.603554,-1.071175,0.572108
76,0.0,theta,394,0.225685,-0.086262,0.529114
76,0.0,theta,395,-0.147096,0.760364,0.54392
76,0.0,theta,396,-1.370998,-1.18794,0.507907
76,0.0,theta,397,-0.029815,0.853322,0.545156
76,0.0,theta,398,-0.688539,-0.96419,0.517113
76,0.0,theta,399,-0.858415,-0.452657,0.482017
76,0.0,theta,400,-0.624945,-0.308184,0.457231
76,0.0,theta,401,0.189711,-0.240254,0.515085
76,0.0,theta,402,-1.57896,-0.507944,0.54079
76,0.0,theta,403,-0.055323,0.404056,0.556435
76,0.0,theta,404,-0.190607,0.56964,0.546424
76,0.0,theta,405,0.203107,-0.135846,0.488897
76,0.0,theta,406,-0.849939,-0.800388,0.530043
76,0.0,theta,407,0.725524,0.023777,0.526603
76,0.0,theta,408,-2.614739,-1.99533,0.533055
76,0.0,theta,409,-1.657343,-1.254695,0.498846
76,0.0,theta,410,-0.289518,0.53492,0.526891
76,0.0,theta,411,0.935329,1.44992,0.573938
76,0.0,theta,412,0.827467,1.14271,0.583835
76,0.0,theta,413,-0.978832,-0.699223,0.518474
76,0.0,theta,414,-1.218795,-1.03628,0.526484
76,0.0,theta,415,0.925875,0.787249,0.559915
76,0.0,theta,416,-0.830954,-0.750916,0.536927
76,0.0,theta,417,-0.604058,-0.493869,0.52056
76,0.0,theta,418,-2.236402,-0.511786,0.570079
76,0.0,theta,419,0.103193,0.078431,0.548413
76,0.0,theta,420,-0.480591,-0.491682,0.489869
76,0.0,theta,421,-1.767396,-2.32212,0.537082
76,0.0,theta,422,0.322688,-0.588327,0.528986
76,0.0,theta,423,-1.226531,-1.332225,0.514185
76,0.0,theta,424,-0.572037,-0.811175,0.525706
76,0.0,theta,425,-0.710304,-0.6911,0.498907
76,0.0,theta,426,0.779249,0.550977,0.511767
76,0.0,theta,427,0.224524,-0.005045,0.49521
76,0.0,theta,428,0.616111,0.715312,0.572131
76,0.0,theta,429,0.177,0.454262,0.529094
76,0.0,theta,430,0.498383,1.76347,0.618965
76,0.0,theta,431,-0.944844,-0.947868,0.539032
76,0.0,theta,432,-0.050789,0.529382,0.566489
76,0.0,theta,433,-0.219788,-0.32116,0.519432
76,0.0,theta,434,-0.167284,-0.061183,0.516181
76,0.0,theta,435,1.764524,1.17319,0.559834
76,0.0,theta,436,0.363438,0.874214,0.557746
76,0.0,theta,437,-1.307604,-0.654148,0.487642
76,0.0,theta,438,-0.802684,-0.889442,0.49836
76,0.0,theta,439,-2.24283,-1.292525,0.498865
76,0.0,theta,440,1.517819,1.65639,0.586065
76,0.0,theta,441,-0.420495,-0.381009,0.501634
76,0.0,theta,442,-0.168807,0.033663,0.547293
76,0.0,theta,443,0.586909,0.251544,0.546489
76,0.0,theta,444,-0.803556,-0.852318,0.520971
76,0.0,theta,445,-0.797541,-0.776268,0.495276
76,0.0,theta,446,0.248276,-0.023294,0.555916
76,0.0,theta,447,0.611104,-0.285028,0.538996
76,0.0,theta,448,-0.430759,-0.272748,0.544509
76,0.0,theta,449,0.645255,0.255818,0.552326
76,0.0,theta,450,-0.52378,0.249701,0.558734
76,0.0,theta,451,-1.434475,-1.62654,0.506209
76,0.0,theta,452,0.28372,0.615538,0.564764
76,0.0,theta,453,-1.199455,-0.904523,0.505648
76,0.0,theta,454,0.539511,0.258967,0.508706
76,0.0,theta,455,0.033499,0.003233,0.51158
76,0.0,theta,456,0.508588,0.4249,0.55036
76,0.0,theta,457,0.773668,0.25918,0.533317
76,0.0,theta,458,0.850812,1.20708,0.581183
76,0.0,theta,459,1.36688,1.40724,0.590362
76,0.0,theta,460,0.583916,0.538221,0.560374
76,0.0,theta,461,0.418201,0.270404,0.506021
76,0.0,theta,462,-0.707178,-0.952618,0.491728
76,0.0,theta,463,0.42646,0.854288,0.57176
76,0.0,theta,464,0.29369,-0.01774,0.528996
76,0.0,theta,465,-0.808878,-0.599364,0.50444
76,0.0,theta,466,-0.854753,-1.112915,0.519355
76,0.0,theta,467,-0.623004,-0.25624,0.513634
76,0.0,theta,468,-0.489998,-0.520957,0.524676
76,0.0,theta,469,1.411197,0.474817,0.526198
76,0.0,theta,470,-0.265171,-0.385904,0.516468
76,0.0,theta,471,0.687684,0.521895,0.538384
76,0.0,theta,472,1.048191,0.630928,0.570034
76,0.0,theta,473,0.773057,1.586115,0.594534
76,0.0,theta,474,-0.687816,-0.028209,0.498577
76,0.0,theta,475,0.767063,0.738936,0.57752
76,0.0,theta,476,0.608495,0.596032,0.530174
76,0.0,theta,477,-0.773511,-0.618364,0.51012
76,0.0,theta,478,0.623711,0.718141,0.501694
76,0.0,theta,479,1.159468,0.9349,0.555017
76,0.0,theta,480,-1.007175,-0.82862,0.489015
76,0.0,theta,481,0.402847,0.506355,0.546633
76,0.0,theta,482,-0.953148,-0.80756,0.490067
76,0.0,theta,483,0.579323,0.07831,0.501768
76,0.0,theta,484,-0.758534,-0.16028,0.537278
76,0.0,theta,485,-0.983091,0.031914,0.508296
76,0.0,theta,486,3.003415,1.696295,0.587584
76,0.0,theta,487,1.074255,1.67662,0.607651
76,0.0,theta,488,1.891948,1.15413,0.57378
76,0.0,theta,489,1.040628,0.015133,0.480293
76,0.0,theta,490,1.074516,0.137332,0.517322
76,0.0,theta,491,-0.072564,-0.205146,0.545909
76,0.0,theta,492,-0.265674,-0.156108,0.498753
76,0.0,theta,493,-1.629645,-1.7084,0.556524
76,0.0,theta,494,0.324489,0.344278,0.531824
76,0.0,theta,495,-0.082,-0.537348,0.531866
76,0.0,theta,496,-0.284192,-0.210577,0.521106
76,0.0,theta,497,-0.116874,-0.460724,0.503203
76,0.0,theta,498,-0.913546,-1.43201,0.519695
76,0.0,theta,499,1.033823,1.325655,0.600036
76,0.0,theta,500,2.091623,1.66437,0.597987
76,0.0,theta,501,0.856135,1.14043,0.580548
76,0.0,theta,502,-0.270637,0.193648,0.501606
76,0.0,theta,503,-1.049632,-0.833506,0.495983
76,0.0,theta,504,-2.461565,-1.47884,0.520259
76,0.0,theta,505,1.253098,0.414112,0.495105
76,0.0,theta,506,-1.514599,-0.813669,0.512982
76,0.0,theta,507,-0.16128,-0.785312,0.51043
76,0.0,theta,508,1.029112,1.30404,0.592395
76,0.0,theta,509,-1.350786,-0.263309,0.500254
76,0.0,theta,510,-0.407627,-1.49408,0.503171
76,0.0,theta,511,1.327075,1.56619,0.598604
76,0.0,theta,512,-0.049869,0.590909,0.556794
76,0.0,theta,513,-1.38252,-0.99572,0.508565
76,0.0,theta,514,0.218458,0.246596,0.554822
76,0.0,theta,515,-1.067717,-0.828789,0.489423
76,0.0,theta,516,1.676203,0.303392,0.572592
76,0.0,theta,517,0.281732,0.422104,0.546593
76,0.0,theta,518,-0.516137,-0.351761,0.51293
76,0.0,theta,519,-1.237835,-0.651302,0.511685
76,0.0,theta,520,0.555424,0.459492,0.522621
76,0.0,theta,521,-1.499448,-1.470635,0.48439
76,0.0,theta,522,2.094713,1.852235,0.59929
76,0.0,theta,523,-0.010938,0.00095,0.49062
76,0.0,theta,524,-0.764345,-0.249222,0.556816
76,0.0,theta,525,-1.133711,-0.422507,0.492557
76,0.0,theta,526,-0.104559,-0.362698,0.530385
76,0.0,theta,527,-0.740265,-0.958534,0.51576
76,0.0,theta,528,-0.926528,0.137016,0.512857
76,0.0,theta,529,0.027894,0.176853,0.525022
76,0.0,theta,530,1.052519,0.807874,0.555021
76,0.0,theta,531,0.83288,0.534172,0.553047
76,0.0,theta,532,0.441753,1.120675,0.562168
76,0.0,theta,533,-0.182435,-0.69916,0.516954
76,0.0,theta,534,1.155912,0.59751,0.518761
76,0.0,theta,535,-0.787088,-0.097917,0.522898
76,0.0,theta,536,0.907121,0.824336,0.564961
76,0.0,theta,537,0.542125,0.709928,0.537746
76,0.0,theta,538,0.080853,0.297918,0.483104
76,0.0,theta,539,1.455356,1.5909,0.611401
76,0.0,theta,540,-1.722454,-1.387585,0.479777
76,0.0,theta,541,-0.339244,-0.699286,0.453565
76,0.0,theta,542,0.740867,0.680438,0.576918
76,0.0,theta,543,1.437398,1.388705,0.559802
76,0.0,theta,544,-1.220272,0.04091,0.562627
76,0.0,theta,545,1.473977,1.269885,0.576398
76,0.0,theta,546,0.8501,0.384722,0.513942
76,0.0,theta,547,-0.032977,0.198462,0.550925
76,0.0,theta,548,-0.075227,-0.23214,0.533424
76,0.0,theta,549,-0.5891,-0.302258,0.544396
76,0.0,theta,550,1.246462,1.60634,0.566822
76,0.0,theta,551,0.628205,0.255978,0.560058
76,0.0,theta,552,0.967333,0.3098,0.552902
76,0.0,theta,553,0.846305,1.384085,0.576556
76,0.0,theta,554,0.626085,0.285346,0.545961
76,0.0,theta,555,0.079656,0.316875,0.515299
76,0.0,theta,556,0.349939,-0.110441,0.470597
76,0.0,theta,557,0.224683,-0.281327,0.484116
76,0.0,theta,558,0.796563,0.481852,0.568145
76,0.0,theta,559,0.150438,0.089473,0.513467
76,0.0,theta,560,-0.472673,-0.789937,0.494743
76,0.0,theta,561,-0.686145,-0.28613,0.523706
76,0.0,theta,562,0.044337,0.194765,0.539695
76,0.0,theta,563,1.567223,1.51443,0.58238
76,0.0,theta,564,-0.239193,-1.061365,0.519031
76,0.0,theta,565,0.307693,0.900053,0.575804
76,0.0,theta,566,-0.311289,-0.698902,0.523359
76,0.0,theta,567,-0.114227,-0.580832,0.503829
76,0.0,theta,568,-0.411113,-0.179878,0.517632
76,0.0,theta,569,0.059124,0.079864,0.534719
76,0.0,theta,570,0.100921,0.027014,0.505032
76,0.0,theta,571,0.704269,1.24125,0.585009
76,0.0,theta,572,-0.040373,0.13789,0.530403
76,0.0,theta,573,-0.699635,-0.149571,0.516754
76,0.0,theta,574,-1.159,-0.909144,0.513648
76,0.0,theta,575,-0.265069,-0.035526,0.514972
76,0.0,theta,576,1.587284,1.63743,0.584555
76,0.0,theta,577,2.229428,0.972098,0.568539
76,0.0,theta,578,-0.215077,0.261373,0.527298
76,0.0,theta,579,0.681738,0.546049,0.543202
76,0.0,theta,580,0.26116,-0.749094,0.54505
76,0.0,theta,581,-0.302337,0.679159,0.57002
76,0.0,theta,582,0.183998,0.690625,0.537265
76,0.0,theta,583,0.849304,0.750945,0.573546
76,0.0,theta,584,-0.975993,-0.923332,0.529644
76,0.0,theta,585,0.592032,1.301615,0.586406
76,0.0,theta,586,-0.299634,-0.209039,0.548113
76,0.0,theta,587,-0.170482,-0.465156,0.530459
76,0.0,theta,588,-0.239479,-0.02971,0.493895
76,0.0,theta,589,1.517412,1.347435,0.603897
76,0.0,theta,590,2.484956,1.66094,0.579151
76,0.0,theta,591,0.883449,0.746293,0.502547
76,0.0,theta,592,0.754839,1.13914,0.577221
76,0.0,theta,593,-0.771242,-0.1746,0.524765
76,0.0,theta,594,0.234534,0.385876,0.518143
76,0.0,theta,595,1.112104,0.893346,0.531954
76,0.0,theta,596,-1.115586,-0.424832,0.493842
76,0.0,theta,597,0.815879,0.805294,0.547661
76,0.0,theta,598,0.858119,0.390313,0.54201
76,0.0,theta,599,0.880757,1.08561,0.5835
76,0.0,theta,600,1.150209,1.39072,0.593317
76,0.0,theta,601,0.902476,1.71594,0.591509
76,0.0,theta,602,-0.769295,-0.054142,0.517706
76,0.0,theta,603,-2.081347,-1.37244,0.513308
76,0.0,theta,604,-1.192328,-0.340133,0.520165
76,0.0,theta,605,-0.354443,-0.309384,0.535811
76,0.0,theta,606,-1.538588,-1.01554,0.510408
76,0.0,theta,607,-0.752998,-0.40763,0.513877
76,0.0,theta,608,0.681776,0.302272,0.507886
76,0.0,theta,609,-0.566731,0.072893,0.565453
76,0.0,theta,610,-1.456655,-0.21465,0.521749
76,0.0,theta,611,-0.097743,0.008388,0.521732
76,0.0,theta,612,-1.204769,-0.27821,0.517774
76,0.0,theta,613,-2.070197,-0.665445,0.501128
76,0.0,theta,614,1.230152,1.211475,0.548513
76,0.0,theta,615,0.366406,0.293982,0.513794
76,0.0,theta,616,-2.203782,-1.05983,0.521133
76,0.0,theta,617,0.023517,-0.107026,0.540821
76,0.0,theta,618,0.958551,1.01783,0.57202
76,0.0,theta,619,-2.248503,-1.37446,0.498
76,0.0,theta,620,-0.119364,0.014968,0.531595
76,0.0,theta,621,-0.357893,0.753955,0.572939
76,0.0,theta,622,-0.476127,0.148054,0.542541
76,0.0,theta,623,0.583564,0.53945,0.547093
76,0.0,theta,624,1.06748,1.30125,0.564946
76,0.0,theta,625,0.367458,0.9882,0.551064
76,0.0,theta,626,0.426731,0.859598,0.562679
76,0.0,theta,627,0.100344,0.274518,0.525027
76,0.0,theta,628,-0.398663,-0.859723,0.492816
76,0.0,theta,629,-1.096631,-0.84649,0.537501
76,0.0,theta,630,-0.499654,-0.823214,0.542878
76,0.0,theta,631,-0.387932,-0.467927,0.490413
76,0.0,theta,632,-1.015241,-0.683146,0.497343
76,0.0,theta,633,0.726781,0.364892,0.55857
76,0.0,theta,634,-0.319238,-0.643352,0.551382
76,0.0,theta,635,0.781498,1.36678,0.587683
76,0.0,theta,636,-3.491196,-2.42331,0.563395
76,0.0,theta,637,-1.192081,-1.433275,0.47214
76,0.0,theta,638,-4.389203,-2.52383,0.564228
76,0.0,theta,639,0.22093,0.844176,0.542811
76,0.0,theta,640,-0.198129,0.227463,0.519615
76,0.0,theta,641,-0.416666,-0.625158,0.529284
76,0.0,theta,642,1.342213,1.131355,0.580701
76,0.0,theta,643,0.413003,0.030242,0.447688
76,0.0,theta,644,-1.413774,-1.00053,0.516685
76,0.0,theta,645,-2.552795,-1.90298,0.498876
76,0.0,theta,646,-1.653433,-1.1286,0.512154
76,0.0,theta,647,-1.725695,-1.614885,0.518763
76,0.0,theta,648,0.599536,0.67703,0.511695
76,0.0,theta,649,0.187138,-0.098314,0.520922
76,0.0,theta,650,-0.602228,-0.89953,0.522126
76,0.0,theta,651,1.232996,0.758962,0.576171
76,0.0,theta,652,1.802738,2.12138,0.603931
76,0.0,theta,653,0.15737,-0.030959,0.532932
76,0.0,theta,654,0.126183,0.034204,0.495591
76,0.0,theta,655,0.475779,0.64613,0.521301
76,0.0,theta,656,-0.507693,-0.518588,0.456179
76,0.0,theta,657,0.585037,0.272505,0.540933
76,0.0,theta,658,-0.043847,-0.125561,0.510447
76,0.0,theta,659,0.217258,0.515278,0.5337
76,0.0,theta,660,0.732754,0.730628,0.578527
76,0.0,theta,661,0.371979,-0.034843,0.551758
76,0.0,theta,662,0.377261,0.339424,0.552271
76,0.0,theta,663,-0.657493,0.236635,0.529339
76,0.0,theta,664,0.163442,-0.38572,0.48634
76,0.0,theta,665,0.503931,0.572662,0.534953
76,0.0,theta,666,-2.13524,-1.36322,0.527157
76,0.0,theta,667,-1.561071,-1.12053,0.539851
76,0.0,theta,668,1.897246,1.56072,0.61928
76,0.0,theta,669,0.293927,-0.195852,0.518279
76,0.0,theta,670,1.2823,0.535758,0.551206
76,0.0,theta,671,-1.092192,-0.293614,0.519097
76,0.0,theta,672,-0.391691,-0.553202,0.537468
76,0.0,theta,673,0.336442,0.804208,0.572812
76,0.0,theta,674,-0.96879,-1.185465,0.471325
76,0.0,theta,675,0.95455,0.882598,0.54298
76,0.0,theta,676,0.70277,0.844299,0.51944
76,0.0,theta,677,-0.822939,-0.609733,0.576223
76,0.0,theta,678,0.045175,-0.041788,0.519282
76,0.0,theta,679,0.623183,1.278825,0.582601
76,0.0,theta,680,-0.439531,-0.750458,0.535021
76,0.0,theta,681,-1.450503,-1.504785,0.544934
76,0.0,theta,682,-0.998044,-0.199703,0.523848
76,0.0,theta,683,1.339961,1.703735,0.583305
76,0.0,theta,684,-0.415064,-0.24259,0.487469
76,0.0,theta,685,-0.797767,-0.632217,0.44135
76,0.0,theta,686,0.499919,0.81975,0.566657
76,0.0,theta,687,-0.456002,-0.981986,0.51344
76,0.0,theta,688,0.416648,0.956334,0.578109
76,0.0,theta,689,-0.892322,-0.189474,0.542034
76,0.0,theta,690,1.427182,1.106505,0.574981
76,0.0,theta,691,0.186476,-0.481232,0.512268
76,0.0,theta,692,-0.7027,-0.053754,0.520113
76,0.0,theta,693,-0.455707,-0.007841,0.502732
76,0.0,theta,694,0.299268,-0.331875,0.512205
76,0.0,theta,695,-0.271514,-0.707166,0.502595
76,0.0,theta,696,-0.344627,-0.13745,0.575161
76,0.0,theta,697,2.255471,1.85958,0.589188
76,0.0,theta,698,0.289345,0.073063,0.545373
76,0.0,theta,699,1.464548,1.47666,0.556282
76,0.0,theta,700,0.593135,0.443066,0.539065
76,0.0,theta,701,0.261218,-0.47422,0.50422
76,0.0,theta,702,-0.521043,-0.723284,0.483688
76,0.0,theta,703,1.708852,1.37022,0.564882
76,0.0,theta,704,-0.755046,-0.66755,0.488313
76,0.0,theta,705,0.461842,1.103205,0.567366
76,0.0,theta,706,-0.811152,-0.642722,0.508293
76,0.0,theta,707,-1.548065,-1.448465,0.542503
76,0.0,theta,708,1.314785,0.242345,0.515704
76,0.0,theta,709,0.94486,0.568154,0.531304
76,0.0,theta,710,0.334654,-0.653152,0.522042
76,0.0,theta,711,-0.875714,-1.10663,0.503115
76,0.0,theta,712,-0.099052,-0.300418,0.539646
76,0.0,theta,713,-0.470236,-0.681964,0.512884
76,0.0,theta,714,-0.619931,-0.707933,0.464494
76,0.0,theta,715,-1.081683,-0.459348,0.525021
76,0.0,theta,716,-0.467009,-0.797358,0.494893
76,0.0,theta,717,1.041887,0.507386,0.563091
76,0.0,theta,718,0.532704,1.15668,0.593148
76,0.0,theta,719,1.021379,1.07765,0.560776
76,0.0,theta,720,0.552237,0.14005,0.499236
76,0.0,theta,721,1.047021,1.16441,0.572271
76,0.0,theta,722,0.140407,-0.138904,0.522454
76,0.0,theta,723,0.10281,-0.12432,0.532877
76,0.0,theta,724,3.767203,2.36167,0.63483
76,0.0,theta,725,-1.659624,-0.854443,0.527893
76,0.0,theta,726,1.128066,0.349372,0.499229
76,0.0,theta,727,-0.003046,-0.024113,0.526592
76,0.0,theta,728,1.023412,0.630176,0.578915
76,0.0,theta,729,1.442559,1.859535,0.589555
76,0.0,theta,730,1.483125,0.941853,0.576742
76,0.0,theta,731,-1.024044,-0.443419,0.517024
76,0.0,theta,732,1.943096,1.09248,0.557027
76,0.0,theta,733,0.957789,0.214214,0.548538
76,0.0,theta,734,1.100135,0.886715,0.536483
76,0.0,theta,735,-1.393029,-0.653756,0.514542
76,0.0,theta,736,1.883047,1.98075,0.607517
76,0.0,theta,737,-0.192245,0.556774,0.582314
76,0.0,theta,738,-0.83328,0.344577,0.530833
76,0.0,theta,739,-2.588254,-1.976495,0.558378
76,0.0,theta,740,-0.747957,-0.628558,0.476211
76,0.0,theta,741,0.320366,-0.155303,0.51185
76,0.0,theta,742,-1.178344,-1.11281,0.499918
76,0.0,theta,743,-0.210174,-0.323278,0.478457
76,0.0,theta,744,-2.724645,-1.22806,0.470918
76,0.0,theta,745,1.549295,1.121285,0.56851
76,0.0,theta,746,0.633701,-0.347556,0.50481
76,0.0,theta,747,0.483695,-0.224206,0.535481
76,0.0,theta,748,-0.69894,-0.311104,0.542164
76,0.0,theta,749,-1.045637,-0.481488,0.499111
76,0.0,theta,750,-0.028587,0.186389,0.531851
76,0.0,theta,751,1.532323,0.622759,0.565308
76,0.0,theta,752,-0.015513,-0.084295,0.55103
76,0.0,theta,753,0.214676,-0.373745,0.517963
76,0.0,theta,754,-1.503101,-0.708282,0.472986
76,0.0,theta,755,-1.39045,-0.618098,0.497952
76,0.0,theta,756,0.029954,-0.107787,0.529607
76,0.0,theta,757,-0.931532,-0.132704,0.528555
76,0.0,theta,758,1.045247,0.47982,0.532818
76,0.0,theta,759,-0.006778,-1.05266,0.512266
76,0.0,theta,760,0.562762,-0.113876,0.524403
76,0.0,theta,761,1.008632,0.622842,0.525297
76,0.0,theta,762,0.235849,0.40978,0.562551
76,0.0,theta,763,0.893797,0.847848,0.532295
76,0.0,theta,764,-2.92905,-2.02916,0.541492
76,0.0,theta,765,-0.320578,-0.749716,0.499722
76,0.0,theta,766,-0.111248,-0.878948,0.506764
76,0.0,theta,767,1.137886,0.441894,0.553251
76,0.0,theta,768,-1.651276,-0.886644,0.528579
76,0.0,theta,769,-0.380258,-0.077752,0.525304
76,0.0,theta,770,-0.412057,-0.770298,0.516262
76,0.0,theta,771,-0.477818,-0.585374,0.46417
76,0.0,theta,772,0.828369,1.04562,0.561512
76,0.0,theta,773,0.530671,0.658364,0.536447
76,0.0,theta,774,-1.515336,-0.454946,0.495169
76,0.0,theta,775,-0.839905,-0.620101,0.491542
76,0.0,theta,776,-0.003009,-0.303512,0.518464
76,0.0,theta,777,0.032174,0.386558,0.551442
76,0.0,theta,778,1.129896,0.828158,0.567641
76,0.0,theta,779,1.293768,0.926824,0.548931
76,0.0,theta,780,-0.63528,-0.79136,0.482189
76,0.0,theta,781,-1.326164,-0.376364,0.520287
76,0.0,theta,782,1.302733,0.793765,0.564284
76,0.0,theta,783,-0.309042,-0.926902,0.49632
76,0.0,theta,784,0.750828,0.721143,0.572224
76,0.0,theta,785,-0.154087,0.273108,0.503523
76,0.0,theta,786,-0.591227,-0.231042,0.571599
76,0.0,theta,787,0.006527,-0.709576,0.510445
76,0.0,theta,788,1.038649,0.7047,0.5691
76,0.0,theta,789,0.046674,0.1216,0.515188
76,0.0,theta,790,-0.521661,0.062961,0.564531
76,0.0,theta,791,0.791904,0.181245,0.482213
76,0.0,theta,792,-0.990532,0.802152,0.536967
76,0.0,theta,793,0.429436,0.842355,0.592372
76,0.0,theta,794,-1.877093,-1.4328,0.54479
76,0.0,theta,795,0.104255,0.708357,0.530063
76,0.0,theta,796,-1.091213,-0.34515,0.510408
76,0.0,theta,797,0.132201,-0.450792,0.568319
76,0.0,theta,798,-0.549896,0.315731,0.532831
76,0.0,theta,799,-1.200782,-1.397885,0.504251
76,0.0,theta,800,0.579268,0.412927,0.563495
76,0.0,theta,801,-0.426956,-0.902524,0.46526
76,0.0,theta,802,0.69502,0.907208,0.567402
76,0.0,theta,803,0.301353,0.265489,0.539403
76,0.0,theta,804,-0.717196,-0.877287,0.50857
76,0.0,theta,805,0.154604,0.060518,0.556384
76,0.0,theta,806,0.23721,0.224002,0.523042
76,0.0,theta,807,0.605832,1.282905,0.562106
76,0.0,theta,808,1.488462,1.367905,0.580624
76,0.0,theta,809,0.53337,0.56008,0.545606
76,0.0,theta,810,0.499634,0.011168,0.579785
76,0.0,theta,811,0.082897,0.20685,0.529695
76,0.0,theta,812,1.396619,0.857869,0.568519
76,0.0,theta,813,0.048724,-0.309584,0.51415
76,0.0,theta,814,0.076315,0.738642,0.572864
76,0.0,theta,815,1.389757,1.93223,0.587686
76,0.0,theta,816,1.75881,1.44936,0.59209
76,0.0,theta,817,-0.360242,0.150435,0.532516
76,0.0,theta,818,0.357321,0.538468,0.558772
76,0.0,theta,819,-0.016024,0.311727,0.522873
76,0.0,theta,820,-1.199446,-0.140708,0.485694
76,0.0,theta,821,-0.23208,0.003721,0.520118
76,0.0,theta,822,0.854179,0.384399,0.542189
76,0.0,theta,823,0.948415,1.181285,0.554929
76,0.0,theta,824,-0.819041,-0.48645,0.5145
76,0.0,theta,825,-0.600499,-0.114502,0.480788
76,0.0,theta,826,0.065145,0.140104,0.531074
76,0.0,theta,827,-1.184679,-1.177825,0.486198
76,0.0,theta,828,-0.837016,-1.05572,0.493865
76,0.0,theta,829,-1.200642,-1.160525,0.547158
76,0.0,theta,830,0.778676,0.690602,0.546868
76,0.0,theta,831,0.560336,-0.023495,0.557983
76,0.0,theta,832,1.364716,0.908874,0.558654
76,0.0,theta,833,-0.063128,-0.105649,0.537221
76,0.0,theta,834,0.865402,0.785086,0.537927
76,0.0,theta,835,-0.286818,0.043776,0.511437
76,0.0,theta,836,0.161133,-0.724596,0.536852
76,0.0,theta,837,-0.338403,-0.821447,0.516553
76,0.0,theta,838,-0.107718,-0.453281,0.526529
76,0.0,theta,839,0.949624,1.31923,0.598348
76,0.0,theta,840,0.253301,0.097861,0.553317
76,0.0,theta,841,1.956493,2.023965,0.60697
76,0.0,theta,842,0.02218,-0.542509,0.555453
76,0.0,theta,843,-0.595509,0.683072,0.590925
76,0.0,theta,844,1.273977,1.170805,0.560079
76,0.0,theta,845,0.620663,-0.064272,0.500484
76,0.0,theta,846,0.241701,0.33595,0.52469
76,0.0,theta,847,-0.174096,-0.064116,0.520275
76,0.0,theta,848,-0.343432,-0.591842,0.483272
76,0.0,theta,849,-1.56451,-1.39919,0.503843
76,0.0,theta,850,-0.16356,-0.065268,0.5341
76,0.0,theta,851,-0.747858,-0.976279,0.502508
76,0.0,theta,852,0.239061,-0.43743,0.502354
76,0.0,theta,853,0.501737,-0.239305,0.518014
76,0.0,theta,854,-0.188093,-0.513729,0.530419
76,0.0,theta,855,1.415738,1.1852,0.568529
76,0.0,theta,856,-2.763277,-2.153335,0.509609
76,0.0,theta,857,-1.275772,-0.877026,0.531986
76,0.0,theta,858,-0.930443,-0.070348,0.510507
76,0.0,theta,859,0.383521,0.642794,0.588921
76,0.0,theta,860,-1.33237,-0.83082,0.566091
76,0.0,theta,861,-0.923125,-0.530796,0.513513
76,0.0,theta,862,-0.738259,-1.34579,0.485367
76,0.0,theta,863,-1.107049,-0.64123,0.480515
76,0.0,theta,864,-0.736268,-0.21358,0.49954
76,0.0,theta,865,-0.630646,-0.309998,0.493621
76,0.0,theta,866,0.283944,0.459314,0.507674
76,0.0,theta,867,-0.167202,-0.760822,0.510821
76,0.0,theta,868,0.090727,-0.478034,0.519668
76,0.0,theta,869,0.689902,0.754612,0.541066
76,0.0,theta,870,-0.517672,-0.95114,0.533331
76,0.0,theta,871,-0.701499,-1.500175,0.515696
76,0.0,theta,872,1.166982,0.501318,0.551445
76,0.0,theta,873,0.127678,0.333824,0.537878
76,0.0,theta,874,-1.058264,-1.492115,0.50478
76,0.0,theta,875,1.775223,0.895744,0.586367
76,0.0,theta,876,0.861664,0.770802,0.560034
76,0.0,theta,877,1.604403,1.20617,0.564432
76,0.0,theta,878,-0.360784,0.439718,0.566773
76,0.0,theta,879,1.780337,1.158145,0.573513
76,0.0,theta,880,0.876801,1.553,0.612204
76,0.0,theta,881,1.004684,0.978638,0.569845
76,0.0,theta,882,-0.01556,0.171794,0.540525
76,0.0,theta,883,-0.411593,0.084654,0.512871
76,0.0,theta,884,-1.995985,-1.02004,0.509043
76,0.0,theta,885,0.32215,-0.512664,0.489019
76,0.0,theta,886,-1.003937,-1.176565,0.498066
76,0.0,theta,887,0.417664,0.439046,0.544166
76,0.0,theta,888,0.804605,0.91526,0.558693
76,0.0,theta,889,-1.621812,-1.607445,0.49728
76,0.0,theta,890,0.043755,0.455855,0.512266
76,0.0,theta,891,-0.794264,-0.4934,0.550237
76,0.0,theta,892,-1.136877,-0.265953,0.533757
76,0.0,theta,893,-0.05969,0.085008,0.489041
76,0.0,theta,894,-0.420145,-0.592966,0.519737
76,0.0,theta,895,-1.302197,0.38878,0.532969
76,0.0,theta,896,-0.39956,-0.657885,0.493799
76,0.0,theta,897,0.050169,-0.073531,0.502684
76,0.0,theta,898,1.238011,0.919728,0.57923
76,0.0,theta,899,1.389663,-0.112372,0.509402
76,0.0,theta,900,-0.078652,0.642777,0.525313
76,0.0,theta,901,0.536703,-0.281617,0.526099
76,0.0,theta,902,-0.832426,-1.484705,0.49419
76,0.0,theta,903,0.569762,0.147805,0.480492
76,0.0,theta,904,-0.611732,-0.3674,0.543391
76,0.0,theta,905,-0.593417,-0.893345,0.483011
76,0.0,theta,906,-0.946279,-0.278526,0.492511
76,0.0,theta,907,0.996771,-0.028663,0.536816
76,0.0,theta,908,-1.611783,-1.27475,0.523038
76,0.0,theta,909,0.864436,0.036596,0.545947
76,0.0,theta,910,0.835076,0.949302,0.520181
76,0.0,theta,911,-2.016261,-1.1142,0.539404
76,0.0,theta,912,-0.553763,-0.298602,0.554261
76,0.0,theta,913,-0.80784,-0.472275,0.505575
76,0.0,theta,914,-2.209363,-0.250977,0.50538
76,0.0,theta,915,2.349281,1.034315,0.530522
76,0.0,theta,916,0.945435,0.85903,0.592207
76,0.0,theta,917,1.087888,0.544002,0.545243
76,0.0,theta,918,-0.019408,-0.556138,0.503755
76,0.0,theta,919,0.719472,1.381265,0.578934
76,0.0,theta,920,1.959132,1.275095,0.571785
76,0.0,theta,921,-1.536602,-0.083371,0.522339
76,0.0,theta,922,0.853963,0.790327,0.587621
76,0.0,theta,923,0.105861,0.40144,0.497166
76,0.0,theta,924,0.758732,0.555497,0.562015
76,0.0,theta,925,1.684021,0.570212,0.537694
76,0.0,theta,926,-0.324135,-0.231735,0.535147
76,0.0,theta,927,-0.280155,-0.826896,0.470926
76,0.0,theta,928,-0.446261,-0.278226,0.521761
76,0.0,theta,929,-0.369067,-0.053829,0.560464
76,0.0,theta,930,0.480555,-0.085684,0.563759
76,0.0,theta,931,-0.599376,-1.38484,0.488946
76,0.0,theta,932,-0.919835,-0.220311,0.542307
76,0.0,theta,933,0.131958,0.143494,0.529352
76,0.0,theta,934,-1.176304,-1.43804,0.496948
76,0.0,theta,935,0.187312,-0.47498,0.484657
76,0.0,theta,936,-0.042672,-0.710828,0.483399
76,0.0,theta,937,-0.843486,-0.868527,0.519937
76,0.0,theta,938,-2.191223,-1.1712,0.519226
76,0.0,theta,939,0.269237,1.375035,0.575589
76,0.0,theta,940,-0.102998,-0.523408,0.510036
76,0.0,theta,941,1.454492,1.641935,0.601848
76,0.0,theta,942,-0.847727,-0.684276,0.504628
76,0.0,theta,943,2.943773,1.041835,0.564664
76,0.0,theta,944,0.196616,0.347539,0.489082
76,0.0,theta,945,-0.503283,-0.473657,0.488368
76,0.0,theta,946,-0.723948,-1.08731,0.479389
76,0.0,theta,947,0.545049,0.697544,0.571711
76,0.0,theta,948,-1.544328,-0.969233,0.506435
76,0.0,theta,949,-0.076759,-0.123468,0.528255
76,0.0,theta,950,-0.871115,-0.100384,0.499842
76,0.0,theta,951,2.197168,1.09192,0.568214
76,0.0,theta,952,1.257305,1.19378,0.589824
76,0.0,theta,953,1.500698,1.500035,0.62487
76,0.0,theta,954,-1.134275,-0.36334,0.518945
76,0.0,theta,955,-1.53262,-1.048095,0.491723
76,0.0,theta,956,2.145592,1.444945,0.573353
76,0.0,theta,957,1.26594,0.98942,0.56557
76,0.0,theta,958,1.243346,0.912446,0.545354
76,0.0,theta,959,-0.917999,-0.087468,0.529444
76,0.0,theta,960,1.224277,1.326445,0.56307
76,0.0,theta,961,0.821812,0.331657,0.529304
76,0.0,theta,962,1.002031,1.39827,0.57074
76,0.0,theta,963,-0.872669,-1.27933,0.504898
76,0.0,theta,964,-0.580016,-0.232867,0.536978
76,0.0,theta,965,-0.654742,-0.374508,0.515213
76,0.0,theta,966,-1.083241,-0.108741,0.534443
76,0.0,theta,967,-1.6794,-1.305965,0.521292
76,0.0,theta,968,0.70856,1.903275,0.597595
76,0.0,theta,969,-0.328376,-0.465886,0.526075
76,0.0,theta,970,-0.282721,-0.613946,0.408802
76,0.0,theta,971,0.005306,0.316528,0.545073
76,0.0,theta,972,-0.324342,-0.901116,0.492097
76,0.0,theta,973,-0.057861,0.015994,0.565224
76,0.0,theta,974,1.387774,1.016885,0.55663
76,0.0,theta,975,1.391474,0.115794,0.51395
76,0.0,theta,976,-0.377231,-0.579554,0.501044
76,0.0,theta,977,0.394167,-0.011635,0.499412
76,0.0,theta,978,1.434437,1.254125,0.557586
76,0.0,theta,979,-2.067569,-1.617,0.559401
76,0.0,theta,980,-0.439668,-0.373357,0.534551
76,0.0,theta,981,-0.462151,0.346881,0.535694
76,0.0,theta,982,-0.673957,0.012294,0.511606
76,0.0,theta,983,-0.052387,0.111671,0.562525
76,0.0,theta,984,-0.241467,-1.7078,0.521808
76,0.0,theta,985,0.06653,0.114214,0.564674
76,0.0,theta,986,-2.075216,-1.40759,0.507328
76,0.0,theta,987,-0.505992,0.071989,0.540968
76,0.0,theta,988,1.614031,1.71326,0.601064
76,0.0,theta,989,-1.837766,-1.387915,0.542201
76,0.0,theta,990,1.606169,1.43023,0.558385
76,0.0,theta,991,-2.254688,-1.605805,0.509739
76,0.0,theta,992,0.20515,0.701802,0.524363
76,0.0,theta,993,0.888137,0.847794,0.556204
76,0.0,theta,994,-0.352924,-0.063458,0.530767
76,0.0,theta,995,1.398401,1.05048,0.547172
76,0.0,theta,996,-0.827634,-1.26276,0.510148
76,0.0,theta,997,0.651142,-0.435759,0.526145
76,0.0,theta,998,0.252413,0.501093,0.498912
76,0.0,theta,999,-0.727423,-1.38183,0.495609
76,0.0,theta,1000,0.966922,0.829363,0.562824
76,0.0,theta,1001,0.413849,0.278756,0.514427
76,0.0,theta,1002,0.445193,0.783358,0.561217
76,0.0,theta,1003,-0.500746,-0.665074,0.500807
76,0.0,theta,1004,0.497611,0.836238,0.556792
76,0.0,theta,1005,0.127675,0.322914,0.525326
76,0.0,theta,1006,-1.03224,-0.949982,0.510721
76,0.0,theta,1007,1.195835,0.785294,0.574661
76,0.0,theta,1008,0.635093,0.737571,0.572132
76,0.0,theta,1009,0.48827,0.300442,0.513597
76,0.0,theta,1010,2.254254,1.838785,0.583424
76,0.0,theta,1011,0.6512,0.455892,0.541609
76,0.0,theta,1012,1.049402,0.610972,0.546811
76,0.0,theta,1013,1.066882,1.23351,0.579377
76,0.0,theta,1014,0.65743,-0.071528,0.517278
76,0.0,theta,1015,-0.741183,-0.643245,0.497706
76,0.0,theta,1016,0.24004,0.335293,0.522945
76,0.0,theta,1017,0.630676,0.89257,0.565626
76,0.0,theta,1018,-0.639572,-0.814781,0.514446
76,0.0,theta,1019,-0.672885,-0.905472,0.524557
76,0.0,theta,1020,-0.404923,-0.3274,0.470621
76,0.0,theta,1021,-2.788467,-2.03669,0.530261
76,0.0,theta,1022,0.901903,0.51902,0.544877
76,0.0,theta,1023,-0.250163,-0.313799,0.463992
76,0.0,theta,1024,0.031757,0.501638,0.545912
76,0.0,theta,1025,1.407142,0.984974,0.564941
76,0.0,theta,1026,-0.515016,-0.481258,0.536333
76,0.0,theta,1027,0.325245,-0.619997,0.508825
76,0.0,theta,1028,-0.332223,0.525882,0.571923
76,0.0,theta,1029,-0.336525,-0.158604,0.552106
76,0.0,theta,1030,-1.084587,-1.010595,0.536684
76,0.0,theta,1031,0.490374,-0.527342,0.50817
76,0.0,theta,1032,-0.3951,-0.381276,0.476049
76,0.0,theta,1033,0.451667,0.14036,0.557388
76,0.0,theta,1034,1.493171,0.99614,0.562626
76,0.0,theta,1035,1.563828,1.73008,0.573806
76,0.0,theta,1036,0.388659,0.544702,0.537749
76,0.0,theta,1037,-0.950729,-0.521955,0.502818
76,0.0,theta,1038,1.18968,0.273376,0.513576
76,0.0,theta,1039,-0.324295,0.157725,0.546264
76,0.0,theta,1040,-1.120719,-0.615108,0.578412
76,0.0,theta,1041,-1.00704,-1.1095,0.47372
76,0.0,theta,1042,0.161225,0.270933,0.520005
76,0.0,theta,1043,0.901436,0.539242,0.570614
76,0.0,theta,1044,0.226003,0.363424,0.550998
76,0.0,theta,1045,-0.067187,-0.605652,0.541192
76,0.0,theta,1046,-0.073078,-0.536726,0.483637
76,0.0,theta,1047,0.055098,0.224019,0.545006
76,0.0,theta,1048,-0.499344,-0.207016,0.564905
76,0.0,theta,1049,-0.127326,-0.79218,0.493306
76,0.0,theta,1050,-1.032115,-1.154905,0.519366
76,0.0,theta,1051,-0.464023,0.016979,0.485336
76,0.0,theta,1052,-0.452351,-0.108118,0.468485
76,0.0,theta,1053,1.549105,1.671345,0.589936
76,0.0,theta,1054,-0.94204,-0.736224,0.463414
76,0.0,theta,1055,0.565468,0.247984,0.517331
76,0.0,theta,1056,-0.387344,0.456938,0.54095
76,0.0,theta,1057,-0.365852,-0.632063,0.533068
76,0.0,theta,1058,0.256544,0.709997,0.552377
76,0.0,theta,1059,-0.023195,0.77178,0.539063
76,0.0,theta,1060,-1.189823,-0.669072,0.52988
76,0.0,theta,1061,-1.211397,-0.288469,0.54864
76,0.0,theta,1062,1.137025,1.177295,0.571901
76,0.0,theta,1063,0.458764,0.276796,0.507902
76,0.0,theta,1064,1.393565,0.950457,0.565079
76,0.0,theta,1065,-0.791377,-0.74717,0.534505
76,0.0,theta,1066,-0.977865,-0.406308,0.496758
76,0.0,theta,1067,1.191573,0.845646,0.556497
76,0.0,theta,1068,-0.34629,-0.084616,0.552285
76,0.0,theta,1069,0.124671,-0.363408,0.511608
76,0.0,theta,1070,-0.134839,-0.35591,0.488723
76,0.0,theta,1071,-1.067124,-0.419366,0.50356
76,0.0,theta,1072,-0.436014,-0.37017,0.48602
76,0.0,theta,1073,-0.544761,0.037115,0.538341
76,0.0,theta,1074,1.756123,1.46153,0.588021
76,0.0,theta,1075,-0.193968,-0.078952,0.497814
76,0.0,theta,1076,-0.281242,-0.197394,0.524607
76,0.0,theta,1077,-0.817046,-0.033502,0.491188
76,0.0,theta,1078,-1.901435,-0.600006,0.471996
76,0.0,theta,1079,-0.95342,-0.303358,0.524315
76,0.0,theta,1080,1.171539,0.867387,0.563642
76,0.0,theta,1081,1.813251,1.29644,0.579971
76,0.0,theta,1082,-0.828407,-0.872282,0.548583
76,0.0,theta,1083,-1.817125,-1.077145,0.516612
76,0.0,theta,1084,0.388233,0.199885,0.52017
76,0.0,theta,1085,-1.197232,-1.33275,0.511629
76,0.0,theta,1086,-0.557931,0.061228,0.510115
76,0.0,theta,1087,0.771566,0.461894,0.533727
76,0.0,theta,1088,-1.597817,-1.157705,0.51394
76,0.0,theta,1089,1.16229,0.892828,0.586416
76,0.0,theta,1090,1.526259,0.960124,0.554034
76,0.0,theta,1091,-1.908378,-1.67264,0.505503
76,0.0,theta,1092,-0.725694,-0.054741,0.526777
76,0.0,theta,1093,-1.691778,-0.071968,0.477384
76,0.0,theta,1094,1.280736,0.962889,0.557277
76,0.0,theta,1095,0.509001,-0.037706,0.518469
76,0.0,theta,1096,0.147267,-0.738689,0.545422
76,0.0,theta,1097,-0.879283,-1.033155,0.463277
76,0.0,theta,1098,-0.712583,-0.723928,0.488096
76,0.0,theta,1099,-0.957788,-0.942564,0.539619
76,0.0,theta,1100,-0.678855,-0.655819,0.523135
76,0.0,theta,1101,0.315046,-0.533535,0.543792
76,0.0,theta,1102,0.711072,0.876034,0.563323
76,0.0,theta,1103,-0.182952,-0.032624,0.487607
76,0.0,theta,1104,0.702545,0.313176,0.569432
76,0.0,theta,1105,0.02333,-0.140138,0.529273
76,0.0,theta,1106,-0.830689,-0.44855,0.544506
76,0.0,theta,1107,1.022494,0.545404,0.543861
76,0.0,theta,1108,-0.421336,-0.797252,0.50054
76,0.0,theta,1109,-2.070069,-0.993898,0.510608
76,0.0,theta,1110,0.377365,0.91014,0.531992
76,0.0,theta,1111,0.066137,0.255572,0.522961
76,0.0,theta,1112,0.31224,0.287996,0.518843
76,0.0,theta,1113,-0.702449,-0.782064,0.530726
76,0.0,theta,1114,0.464994,0.350462,0.540295
76,0.0,theta,1115,0.213201,0.283249,0.543824
76,0.0,theta,1116,1.318486,0.626422,0.551985
76,0.0,theta,1117,-0.477127,-0.377052,0.536064
76,0.0,theta,1118,-0.754252,-2.14151,0.565291
76,0.0,theta,1119,-0.432258,-1.03562,0.509737
76,0.0,theta,1120,-0.315013,-0.4083,0.518166
76,0.0,theta,1121,1.094543,1.009495,0.549053
76,0.0,theta,1122,1.046372,0.829565,0.538179
76,0.0,theta,1123,0.027693,0.486784,0.535888
76,0.0,theta,1124,-0.679974,-0.043371,0.521329
76,0.0,theta,1125,0.913157,0.947258,0.56234
76,0.0,theta,1126,0.854733,0.793786,0.545111
76,0.0,theta,1127,-0.647643,-1.489995,0.526706
76,0.0,theta,1128,-0.301686,-0.809819,0.48791
76,0.0,theta,1129,0.225135,0.635318,0.573956
76,0.0,theta,1130,1.507185,1.55265,0.606953
76,0.0,theta,1131,-0.291607,-0.188754,0.452944
76,0.0,theta,1132,-0.904742,-0.998918,0.523616
76,0.0,theta,1133,-0.445321,-0.460948,0.502915
76,0.0,theta,1134,0.772409,0.219197,0.545954
76,0.0,theta,1135,-0.224403,-0.193727,0.506596
76,0.0,theta,1136,0.213811,0.061916,0.535254
76,0.0,theta,1137,-1.098,-1.842415,0.541198
76,0.0,theta,1138,0.025067,-0.863964,0.483376
76,0.0,theta,1139,1.599505,0.670502,0.55227
76,0.0,theta,1140,0.375699,0.762192,0.540612
76,0.0,theta,1141,-0.56233,-0.380867,0.515258
76,0.0,theta,1142,-0.274361,-0.978084,0.47529
76,0.0,theta,1143,-0.072263,0.114351,0.5769
76,0.0,theta,1144,0.638409,1.118575,0.542073
76,0.0,theta,1145,1.090318,1.15073,0.570111
76,0.0,theta,1146,0.023081,-0.167954,0.520037
76,0.0,theta,1147,-2.043601,-1.92543,0.527535
76,0.0,theta,1148,1.025257,0.974015,0.569251
76,0.0,theta,1149,1.46997,0.659109,0.535925
76,0.0,theta,1150,-0.814027,-1.414645,0.494647
76,0.0,theta,1151,0.21862,0.011434,0.551788
76,0.0,theta,1152,1.544704,1.03639,0.572531
76,0.0,theta,1153,-0.420482,-0.581404,0.487649
76,0.0,theta,1154,-0.310355,-0.003987,0.499461
76,0.0,theta,1155,-0.890213,-1.01891,0.46166
76,0.0,theta,1156,0.235132,0.313272,0.54911
76,0.0,theta,1157,-1.05002,0.239287,0.543642
76,0.0,theta,1158,1.58351,0.220574,0.533091
76,0.0,theta,1159,-0.369628,-0.411781,0.525472
76,0.0,theta,1160,0.598716,1.06898,0.572896
76,0.0,theta,1161,0.830858,0.099305,0.55305
76,0.0,theta,1162,0.077088,-0.440746,0.533198
76,0.0,theta,1163,-0.513113,-1.046815,0.480057
76,0.0,theta,1164,1.72354,1.52114,0.588058
76,0.0,theta,1165,-0.236513,-0.630666,0.535643
76,0.0,theta,1166,-1.226481,-0.938917,0.531834
76,0.0,theta,1167,1.321611,1.036845,0.578123
76,0.0,theta,1168,0.427488,0.633958,0.552209
76,0.0,theta,1169,-0.710149,-0.830838,0.505792
76,0.0,theta,1170,0.225826,-0.248449,0.522035
76,0.0,theta,1171,0.958301,0.808875,0.577527
76,0.0,theta,1172,0.240293,0.150709,0.527268
76,0.0,theta,1173,-0.367245,0.259132,0.557359
76,0.0,theta,1174,1.456198,1.29902,0.574808
76,0.0,theta,1175,-1.434836,-1.03909,0.496489
76,0.0,theta,1176,2.097088,1.35379,0.577992
76,0.0,theta,1177,0.844654,0.654011,0.552515
76,0.0,theta,1178,-0.718557,-1.53711,0.52595
76,0.0,theta,1179,0.865625,-0.05724,0.497392
76,0.0,theta,1180,-0.048087,-0.136119,0.501037
76,0.0,theta,1181,-0.603084,-0.578388,0.542334
76,0.0,theta,1182,0.235475,-0.193166,0.535735
76,0.0,theta,1183,0.02454,-0.200866,0.560657
76,0.0,theta,1184,-2.54267,-1.84285,0.527426
76,0.0,theta,1185,0.958,1.67058,0.587394
76,0.0,theta,1186,0.252037,0.162494,0.549645
76,0.0,theta,1187,-0.818622,0.062368,0.518603
76,0.0,theta,1188,-0.880894,-1.098545,0.52103
76,0.0,theta,1189,1.038463,0.841805,0.578816
76,0.0,theta,1190,1.786364,1.8125,0.634789
76,0.0,theta,1191,-0.039352,0.42386,0.522216
76,0.0,theta,1192,-1.515631,-1.361695,0.491329
76,0.0,theta,1193,0.76964,0.422492,0.536456
76,0.0,theta,1194,0.231481,-0.028361,0.534811
76,0.0,theta,1195,0.546898,0.669068,0.552964
76,0.0,theta,1196,-0.473719,-0.631064,0.515331
76,0.0,theta,1197,1.937662,1.31915,0.584101
76,0.0,theta,1198,-0.640713,-0.2032,0.561518
76,0.0,theta,1199,0.289097,0.850324,0.56429
76,0.0,theta,1200,1.976102,1.254995,0.557376
76,0.0,theta,1201,0.05361,-0.099016,0.53498
76,0.0,theta,1202,0.384063,0.616816,0.519201
76,0.0,theta,1203,0.22282,-0.022958,0.571038
76,0.0,theta,1204,0.608691,-0.215566,0.512814
76,0.0,theta,1205,-0.97867,-0.895364,0.478654
76,0.0,theta,1206,0.273452,0.873266,0.582054
76,0.0,theta,1207,-1.984059,-1.21249,0.512874
76,0.0,theta,1208,1.247935,0.291218,0.526296
76,0.0,theta,1209,-0.213882,-0.626533,0.473275
76,0.0,theta,1210,-0.482911,-0.257458,0.547188
76,0.0,theta,1211,0.687815,1.16919,0.579618
76,0.0,theta,1212,0.233123,0.175703,0.502494
76,0.0,theta,1213,-0.663576,-0.772816,0.505626
76,0.0,theta,1214,1.42366,1.65183,0.593833
76,0.0,theta,1215,-2.388267,-1.22299,0.516524
76,0.0,theta,1216,-0.964918,-0.484678,0.509392
76,0.0,theta,1217,0.527505,-0.210222,0.507627
76,0.0,theta,1218,1.63907,0.809148,0.58929
76,0.0,theta,1219,-0.545712,-0.916519,0.506235
76,0.0,theta,1220,-2.352666,-1.8464,0.518144
76,0.0,theta,1221,0.817363,0.34548,0.539193
76,0.0,theta,1222,0.935448,1.267475,0.597096
76,0.0,theta,1223,-0.538043,-0.930077,0.507261
76,0.0,theta,1224,-2.134853,-1.575525,0.506318
76,0.0,theta,1225,0.708117,0.343878,0.511158
76,0.0,theta,1226,-0.098009,-0.747692,0.5544
76,0.0,theta,1227,-0.640353,-0.390504,0.558795
76,0.0,theta,1228,-0.717709,-0.847111,0.50547
76,0.0,theta,1229,0.180952,-0.205975,0.493533
76,0.0,theta,1230,-1.401806,-0.857732,0.527074
76,0.0,theta,1231,1.719063,0.699604,0.569301
76,0.0,theta,1232,-1.269635,-1.179355,0.48564
76,0.0,theta,1233,1.120592,1.30419,0.571543
76,0.0,theta,1234,-1.606081,-1.054655,0.53353
76,0.0,theta,1235,-1.650098,-1.078395,0.515343
76,0.0,theta,1236,0.164568,0.559088,0.546293
76,0.0,theta,1237,-0.297881,0.001352,0.532221
76,0.0,theta,1238,-1.854948,-1.294395,0.50019
76,0.0,theta,1239,-0.375803,0.449914,0.557379
76,0.0,theta,1240,0.007975,-0.002302,0.471896
76,0.0,theta,1241,0.980073,0.005772,0.515177
76,0.0,theta,1242,-1.176585,-0.729397,0.477632
76,0.0,theta,1243,0.541948,0.077636,0.513906
76,0.0,theta,1244,1.153914,0.766092,0.5494
76,0.0,theta,1245,0.078768,0.059875,0.518519
76,0.0,theta,1246,-0.128907,0.502019,0.532822
76,0.0,theta,1247,0.809343,0.819846,0.561269
76,0.0,theta,1248,0.090839,0.783642,0.535402
76,0.0,theta,1249,-0.475468,-0.429239,0.514957
76,0.0,theta,1250,0.583014,0.635694,0.552974
76,0.0,theta,1251,0.795385,0.409682,0.542769
76,0.0,theta,1252,-1.27025,-0.856356,0.437173
76,0.0,theta,1253,-0.470953,-0.39877,0.53287
76,0.0,theta,1254,2.076189,0.97976,0.564747
76,0.0,theta,1255,-0.177664,0.126274,0.489994
76,0.0,theta,1256,-1.065677,-0.294584,0.477815
76,0.0,theta,1257,0.228449,-0.157599,0.53501
76,0.0,theta,1258,-1.011733,-0.194869,0.507165
76,0.0,theta,1259,0.45392,-0.533496,0.518892
76,0.0,theta,1260,-0.153702,-0.411116,0.513623
76,0.0,theta,1261,-0.766159,-0.795758,0.536912
76,0.0,theta,1262,0.355348,0.90258,0.586264
76,0.0,theta,1263,-2.596994,-2.479345,0.542915
76,0.0,theta,1264,0.083078,0.239971,0.531939
76,0.0,theta,1265,0.89168,0.127109,0.51653
76,0.0,theta,1266,-0.275849,0.144474,0.522262
76,0.0,theta,1267,-1.697483,-1.199425,0.513766
76,0.0,theta,1268,-0.608299,-1.0808,0.454767
76,0.0,theta,1269,-0.296957,-0.162073,0.520196
76,0.0,theta,1270,0.538214,0.624454,0.535031
76,0.0,theta,1271,-0.817038,-0.662858,0.522963
76,0.0,theta,1272,0.919515,0.275597,0.553937
76,0.0,theta,1273,1.649717,1.16759,0.569886
76,0.0,theta,1274,-3.035107,-2.11853,0.536578
76,0.0,theta,1275,0.27853,0.710132,0.530519
76,0.0,theta,1276,0.469422,0.52849,0.500675
76,0.0,theta,1277,0.02029,-0.410039,0.472213
76,0.0,theta,1278,-0.105241,-0.535006,0.510649
76,0.0,theta,1279,-0.793585,-0.550888,0.482011
76,0.0,theta,1280,-1.050519,-1.125825,0.506524
76,0.0,theta,1281,-1.18624,0.031796,0.513788
76,0.0,theta,1282,-0.666505,-0.913458,0.502985
76,0.0,theta,1283,-1.21816,-1.16474,0.549447
76,0.0,theta,1284,0.748372,0.788132,0.568692
76,0.0,theta,1285,-2.134461,-1.15613,0.499223
76,0.0,theta,1286,-0.581376,-1.167355,0.492996
76,0.0,theta,1287,-1.264736,-0.843409,0.499843
76,0.0,theta,1288,-1.267923,-1.134485,0.482809
76,0.0,theta,1289,0.208976,0.54816,0.542858
76,0.0,theta,1290,-0.436818,-0.406861,0.51382
76,0.0,theta,1291,0.094831,-0.305378,0.509875
76,0.0,theta,1292,1.256595,1.251235,0.572072
76,0.0,theta,1293,-1.348842,-0.853518,0.512083
76,0.0,theta,1294,-0.87659,-0.894071,0.518453
76,0.0,theta,1295,-0.786268,-0.350514,0.54344
76,0.0,theta,1296,-0.449974,-0.689608,0.506531
76,0.0,theta,1297,0.173402,-0.014761,0.492199
76,0.0,theta,1298,-0.652606,-0.290286,0.546536
76,0.0,theta,1299,0.409989,0.625222,0.518519
76,0.0,theta,1300,1.094688,0.527393,0.56522
76,0.0,theta,1301,0.807719,0.298904,0.496354
76,0.0,theta,1302,-0.168949,0.223294,0.530841
76,0.0,theta,1303,-0.122617,-0.496092,0.513909
76,0.0,theta,1304,1.222346,0.398175,0.530042
76,0.0,theta,1305,-0.091366,-0.496703,0.514386
76,0.0,theta,1306,0.668512,-0.012043,0.497262
76,0.0,theta,1307,-0.024967,0.304052,0.50646
76,0.0,theta,1308,-1.245223,-1.224105,0.49188
76,0.0,theta,1309,1.287616,1.232765,0.583249
76,0.0,theta,1310,0.243403,0.792298,0.528739
76,0.0,theta,1311,1.19313,0.54434,0.519727
76,0.0,theta,1312,1.017256,0.602374,0.522892
76,0.0,theta,1313,1.114845,1.33265,0.558044
76,0.0,theta,1314,-0.466221,-0.406821,0.485233
76,0.0,theta,1315,1.085473,0.157077,0.531423
76,0.0,theta,1316,0.320227,0.838038,0.574699
76,0.0,theta,1317,-0.362483,-0.521853,0.498605
76,0.0,theta,1318,1.4137,1.614345,0.590503
76,0.0,theta,1319,-0.790604,-1.108075,0.52814
76,0.0,theta,1320,-0.800605,-0.345281,0.53555
76,0.0,theta,1321,1.966748,1.260415,0.581668
76,0.0,theta,1322,1.380515,1.299615,0.597174
76,0.0,theta,1323,-0.051689,-0.939502,0.524333
76,0.0,theta,1324,-0.188884,-0.360495,0.535826
76,0.0,theta,1325,-0.154037,-0.786384,0.511453
76,0.0,theta,1326,0.034652,-0.540118,0.507243
76,0.0,theta,1327,1.597717,0.78688,0.560803
76,0.0,theta,1328,-0.452873,-0.293288,0.548648
76,0.0,theta,1329,1.586461,2.115805,0.611099
76,0.0,theta,1330,3.044636,0.866777,0.543924
76,0.0,theta,1331,2.039228,1.440335,0.610289
76,0.0,theta,1332,1.23998,1.183095,0.549689
76,0.0,theta,1333,0.212289,-0.946705,0.516216
76,0.0,theta,1334,-1.011756,-1.13525,0.44908
76,0.0,theta,1335,-1.008812,-1.4968,0.52306
76,0.0,theta,1336,0.141278,0.054083,0.527318
76,0.0,theta,1337,-0.143579,0.010088,0.592166
76,0.0,theta,1338,0.460946,0.403711,0.553026
76,0.0,theta,1339,0.370566,-0.422624,0.51559
76,0.0,theta,1340,0.295703,0.415372,0.587274
76,0.0,theta,1341,0.238587,0.070443,0.530457
76,0.0,theta,1342,-1.559055,-1.584365,0.513436
76,0.0,theta,1343,0.153256,-0.432572,0.511928
76,0.0,theta,1344,-1.077215,-1.26227,0.532764
76,0.0,theta,1345,-0.024873,-0.450594,0.505296
76,0.0,theta,1346,-0.869425,-1.05975,0.470733
76,0.0,theta,1347,0.157469,0.24468,0.49219
76,0.0,theta,1348,-0.729236,-0.56475,0.514798
76,0.0,theta,1349,0.597021,0.390505,0.529153
76,0.0,theta,1350,-1.146587,-0.60597,0.512297
76,0.0,theta,1351,1.278362,0.71581,0.543226
76,0.0,theta,1352,1.69848,1.46794,0.565979
76,0.0,theta,1353,-0.961789,-1.255285,0.509911
76,0.0,theta,1354,1.594973,1.237185,0.57835
76,0.0,theta,1355,-0.62498,-0.49054,0.536947
76,0.0,theta,1356,-0.851678,-1.15518,0.501103
76,0.0,theta,1357,0.066294,0.394408,0.54819
76,0.0,theta,1358,0.063278,-0.23224,0.546978
76,0.0,theta,1359,0.175269,-0.571356,0.54018
76,0.0,theta,1360,2.056562,1.42036,0.590288
76,0.0,theta,1361,-0.61207,-0.529098,0.545607
76,0.0,theta,1362,1.195265,0.597736,0.536561
76,0.0,theta,1363,-1.85633,-1.546305,0.5039
76,0.0,theta,1364,0.891885,-0.333519,0.516976
76,0.0,theta,1365,-0.782105,-1.038775,0.478467
76,0.0,theta,1366,0.562672,-0.478218,0.545543
76,0.0,theta,1367,1.157955,0.335548,0.530664
76,0.0,theta,1368,0.224174,0.161371,0.509148
76,0.0,theta,1369,0.705817,-0.229253,0.499669
76,0.0,theta,1370,0.490303,1.0581,0.566849
76,0.0,theta,1371,-0.549013,-0.087255,0.516756
76,0.0,theta,1372,1.502858,1.33286,0.581091
76,0.0,theta,1373,1.873109,1.27765,0.593349
76,0.0,theta,1374,0.697227,-0.298482,0.482607
76,0.0,theta,1375,0.200545,0.340785,0.533884
76,0.0,theta,1376,-1.713645,-1.52914,0.528655
76,0.0,theta,1377,0.708442,0.320181,0.535529
76,0.0,theta,1378,0.828166,0.229506,0.530258
76,0.0,theta,1379,-0.217952,-0.70324,0.489184
76,0.0,theta,1380,-0.56383,-0.009105,0.563596
76,0.0,theta,1381,-1.812886,-1.2848,0.52526
76,0.0,theta,1382,-0.158038,-0.71268,0.534974
76,0.0,theta,1383,0.929375,0.132162,0.497307
76,0.0,theta,1384,1.390718,0.852839,0.53391
76,0.0,theta,1385,-1.156758,-0.863432,0.49075
76,0.0,theta,1386,-0.877593,-0.145168,0.474316
76,0.0,theta,1387,-1.258144,-0.715444,0.509101
76,0.0,theta,1388,-0.743908,-0.962155,0.532287
76,0.0,theta,1389,-0.081129,0.10738,0.493485
76,0.0,theta,1390,-0.900763,-1.028045,0.50087
76,0.0,theta,1391,0.202624,0.76911,0.557967
76,0.0,theta,1392,-0.21966,0.869158,0.556049
76,0.0,theta,1393,1.181393,0.619829,0.57433
76,0.0,theta,1394,-0.466935,-0.141714,0.483388
76,0.0,theta,1395,0.311902,0.983715,0.547319
76,0.0,theta,1396,-0.764485,-1.27149,0.506736
76,0.0,theta,1397,1.065017,0.859864,0.573936
76,0.0,theta,1398,0.650205,0.962512,0.571767
76,0.0,theta,1399,-1.405384,-0.750253,0.501319
76,0.0,theta,1400,-0.487004,-0.186132,0.502732
76,0.0,theta,1401,0.72798,0.418456,0.532002
76,0.0,theta,1402,-1.099312,0.458422,0.54823
76,0.0,theta,1403,-0.448918,-0.321892,0.476058
76,0.0,theta,1404,-0.685255,0.384212,0.537189
76,0.0,theta,1405,0.74253,0.692636,0.561135
76,0.0,theta,1406,1.686841,1.24268,0.575457
76,0.0,theta,1407,-1.019724,-1.092655,0.521421
76,0.0,theta,1408,-0.736455,-0.804315,0.52743
76,0.0,theta,1409,1.272665,1.179415,0.604907
76,0.0,theta,1410,0.05483,0.612199,0.584279
76,0.0,theta,1411,0.738701,1.263005,0.582545
76,0.0,theta,1412,1.023516,0.93461,0.589641
76,0.0,theta,1413,-0.360491,0.079687,0.514335
76,0.0,theta,1414,0.300347,-0.075476,0.486811
76,0.0,theta,1415,1.380587,0.744008,0.558781
76,0.0,theta,1416,0.736688,1.289075,0.590601
76,0.0,theta,1417,0.390796,0.148464,0.541282
76,0.0,theta,1418,-0.002892,-0.608398,0.481005
76,0.0,theta,1419,0.309917,1.026355,0.551733
76,0.0,theta,1420,-3.677838,-1.621535,0.515532
76,0.0,theta,1421,-0.599577,-0.893164,0.502169
76,0.0,theta,1422,1.544235,1.214175,0.578262
76,0.0,theta,1423,0.993621,0.470161,0.568782
76,0.0,theta,1424,-0.872077,-0.783997,0.494808
76,0.0,theta,1425,-1.735312,-0.713268,0.51247
76,0.0,theta,1426,-0.203853,-0.815194,0.508765
76,0.0,theta,1427,0.563,0.013147,0.510406
76,0.0,theta,1428,-0.381936,-0.91509,0.538216
76,0.0,theta,1429,-0.696946,-0.223735,0.546134
76,0.0,theta,1430,1.432115,1.606985,0.565128
76,0.0,theta,1431,0.721899,0.58206,0.538175
76,0.0,theta,1432,-1.087871,-0.923713,0.507216
76,0.0,theta,1433,0.342828,0.72549,0.556132
76,0.0,theta,1434,0.644803,0.840532,0.553876
76,0.0,theta,1435,-1.048761,-0.851238,0.520728
76,0.0,theta,1436,0.452029,0.546943,0.50341
76,0.0,theta,1437,-0.581157,-0.939478,0.496095
76,0.0,theta,1438,0.763475,0.225514,0.552525
76,0.0,theta,1439,-0.619268,-0.456736,0.523197
76,0.0,theta,1440,-0.738088,-0.185959,0.516725
76,0.0,theta,1441,-0.500173,-0.177903,0.532297
76,0.0,theta,1442,0.463463,0.453843,0.509717
76,0.0,theta,1443,0.146523,0.092461,0.509691
76,0.0,theta,1444,-0.803677,-0.903908,0.501942
76,0.0,theta,1445,0.464613,0.214227,0.530923
76,0.0,theta,1446,-1.290692,-1.584315,0.524848
76,0.0,theta,1447,-0.9104,-0.797228,0.516453
76,0.0,theta,1448,-0.286675,-0.777918,0.523439
76,0.0,theta,1449,0.407439,0.98559,0.556133
76,0.0,theta,1450,-0.176512,-0.362217,0.550951
76,0.0,theta,1451,-0.677299,-0.18379,0.493885
76,0.0,theta,1452,0.62149,-0.415156,0.508386
76,0.0,theta,1453,-1.672196,-1.642985,0.528401
76,0.0,theta,1454,-2.044722,-1.86351,0.532429
76,0.0,theta,1455,-1.140782,-0.49635,0.531461
76,0.0,theta,1456,-1.210371,-0.766048,0.497299
76,0.0,theta,1457,0.225434,0.252621,0.53564
76,0.0,theta,1458,-0.123373,0.16343,0.53177
76,0.0,theta,1459,0.403897,0.745138,0.567153
76,0.0,theta,1460,-0.351314,-0.479251,0.523278
76,0.0,theta,1461,-0.169068,-0.194768,0.542867
76,0.0,theta,1462,-0.184711,-0.580134,0.461977
76,0.0,theta,1463,-0.320763,-0.177602,0.498981
76,0.0,theta,1464,0.072043,0.248636,0.506856
76,0.0,theta,1465,-1.070387,-0.589814,0.504029
76,0.0,theta,1466,-0.806109,-0.36074,0.503394
76,0.0,theta,1467,-0.628545,-1.45587,0.497958
76,0.0,theta,1468,-1.658859,-1.316895,0.531385
76,0.0,theta,1469,-0.293207,-0.213464,0.507218
76,0.0,theta,1470,0.368619,0.260426,0.538476
76,0.0,theta,1471,-1.801725,-0.984914,0.496667
76,0.0,theta,1472,0.295751,0.156928,0.539543
76,0.0,theta,1473,0.195225,0.608812,0.55552
76,0.0,theta,1474,0.456943,0.46877,0.546967
76,0.0,theta,1475,0.233167,-0.083312,0.507508
76,0.0,theta,1476,-1.307959,-1.853855,0.563427
76,0.0,theta,1477,0.488015,0.94391,0.556667
76,0.0,theta,1478,-1.3267,-0.551152,0.506367
76,0.0,theta,1479,0.289899,0.822086,0.579724
76,0.0,theta,1480,-1.572657,-1.159255,0.536677
76,0.0,theta,1481,-0.391683,0.407228,0.519345
76,0.0,theta,1482,1.147074,0.298134,0.572939
76,0.0,theta,1483,-0.657212,-0.547858,0.534187
76,0.0,theta,1484,0.754118,-0.103187,0.488935
76,0.0,theta,1485,0.410963,0.340128,0.551735
76,0.0,theta,1486,1.04537,0.706821,0.53161
76,0.0,theta,1487,0.636121,0.402744,0.500733
76,0.0,theta,1488,1.118854,0.948158,0.560268
76,0.0,theta,1489,1.311998,0.99641,0.580942
76,0.0,theta,1490,0.524586,0.27894,0.542094
76,0.0,theta,1491,0.410363,0.812687,0.553264
76,0.0,theta,1492,1.746972,1.0544,0.580541
76,0.0,theta,1493,0.154125,0.085279,0.548876
76,0.0,theta,1494,1.011292,1.06503,0.544536
76,0.0,theta,1495,0.045674,-0.713515,0.53503
76,0.0,theta,1496,1.358265,0.886518,0.565649
76,0.0,theta,1497,-0.356242,-0.509529,0.497654
76,0.0,theta,1498,0.101412,-0.621756,0.512204
76,0.0,theta,1499,-1.184654,-1.122185,0.520159
76,0.0,theta,1500,-0.8094,-0.410049,0.489113
76,0.0,beta,1,-3.082719,-2.79226,0.313174
76,0.0,beta,2,-2.823006,-2.697985,0.257153
76,0.0,beta,3,-2.74396,-2.511655,0.275066
76,0.0,beta,4,-2.315868,-2.441205,0.258257
76,0.0,beta,5,-2.290602,-2.04553,0.233323
76,0.0,beta,6,-1.996118,-2.17694,0.230859
76,0.0,beta,7,-1.767213,-1.727135,0.223378
76,0.0,beta,8,-1.689286,-2.080855,0.219222
76,0.0,beta,9,-1.657553,-1.955755,0.234034
76,0.0,beta,10,-1.619014,-1.848865,0.210387
76,0.0,beta,11,-1.534956,-1.67912,0.199055
76,0.0,beta,12,-1.427589,-1.602065,0.214924
76,0.0,beta,13,-1.412881,-1.3905,0.239412
76,0.0,beta,14,-1.389555,-1.764715,0.21716
76,0.0,beta,15,-1.359954,-1.705315,0.203371
76,0.0,beta,16,-1.299844,-1.336395,0.182136
76,0.0,beta,17,-1.216457,-1.95997,0.237516
76,0.0,beta,18,-1.205668,-1.22345,0.175418
76,0.0,beta,19,-1.125014,-1.491235,0.196092
76,0.0,beta,20,-1.11969,-1.54812,0.194057
76,0.0,beta,21,-1.034421,-1.447815,0.19771
76,0.0,beta,22,-1.026199,-1.49297,0.226202
76,0.0,beta,23,-0.970198,-1.17633,0.189496
76,0.0,beta,24,-0.954175,-1.2514,0.192363
76,0.0,beta,25,-0.935792,-1.368595,0.180191
76,0.0,beta,26,-0.907814,-1.798335,0.208502
76,0.0,beta,27,-0.816239,-0.981128,0.162576
76,0.0,beta,28,-0.749378,-0.926705,0.174656
76,0.0,beta,29,-0.704972,-0.934602,0.181178
76,0.0,beta,30,-0.662488,-0.887016,0.16142
76,0.0,beta,31,-0.650201,-1.18138,0.195469
76,0.0,beta,32,-0.643661,-1.23362,0.178883
76,0.0,beta,33,-0.629877,-1.138325,0.164087
76,0.0,beta,34,-0.568933,-0.981269,0.171616
76,0.0,beta,35,-0.522985,-1.082275,0.211601
76,0.0,beta,36,-0.512498,-0.769202,0.171412
76,0.0,beta,37,-0.41957,-0.918938,0.161645
76,0.0,beta,38,-0.407307,-0.920743,0.148245
76,0.0,beta,39,-0.395901,-0.82655,0.171796
76,0.0,beta,40,-0.370286,-1.03305,0.168459
76,0.0,beta,41,-0.366262,-0.725469,0.163862
76,0.0,beta,42,-0.304836,-0.868315,0.160889
76,0.0,beta,43,-0.292435,-0.506376,0.15247
76,0.0,beta,44,-0.246129,-0.858999,0.167195
76,0.0,beta,45,-0.239117,-0.890651,0.16503
76,0.0,beta,46,-0.194457,-0.700624,0.149445
76,0.0,beta,47,-0.184504,-0.641481,0.159286
76,0.0,beta,48,-0.181871,-0.425125,0.149479
76,0.0,beta,49,-0.17342,-0.749646,0.144759
76,0.0,beta,50,-0.158245,-0.481392,0.163092
76,0.0,beta,51,-0.12682,-0.61906,0.153492
76,0.0,beta,52,-0.103615,-0.533643,0.164891
76,0.0,beta,53,-0.102515,-0.458696,0.176519
76,0.0,beta,54,-0.064542,-0.58255,0.156986
76,0.0,beta,55,-0.059861,-0.719106,0.170233
76,0.0,beta,56,-0.044569,-0.650894,0.159409
76,0.0,beta,57,-0.021267,-0.704708,0.161969
76,0.0,beta,58,-0.013702,-0.578828,0.144849
76,0.0,beta,59,-0.007206,-0.35214,0.146727
76,0.0,beta,60,-0.004968,-0.586066,0.163151
76,0.0,beta,61,-0.00396,-0.667612,0.1613
76,0.0,beta,62,0.020804,-0.467379,0.156435
76,0.0,beta,63,0.023185,-0.732765,0.143007
76,0.0,beta,64,0.042266,-0.640101,0.158668
76,0.0,beta,65,0.04805,-0.414876,0.154944
76,0.0,beta,66,0.105125,-0.518008,0.148669
76,0.0,beta,67,0.136615,-0.466109,0.152394
76,0.0,beta,68,0.166259,-0.542358,0.158289
76,0.0,beta,69,0.168379,-0.64526,0.160798
76,0.0,beta,70,0.169709,-0.298088,0.158425
76,0.0,beta,71,0.177038,-0.476138,0.145189
76,0.0,beta,72,0.184627,-0.268266,0.155897
76,0.0,beta,73,0.216395,-0.252746,0.149682
76,0.0,beta,74,0.222831,-0.166041,0.162685
76,0.0,beta,75,0.233483,-0.37829,0.155102
76,0.0,beta,76,0.240186,-0.375072,0.143692
76,0.0,beta,77,0.339909,-0.278273,0.165511
76,0.0,beta,78,0.351628,-0.353636,0.150909
76,0.0,beta,79,0.390356,-0.442262,0.152821
76,0.0,beta,80,0.39292,-0.535158,0.175594
76,0.0,beta,81,0.434395,-0.000556,0.14371
76,0.0,beta,82,0.495864,-0.117762,0.13887
76,0.0,beta,83,0.497327,-0.150608,0.165449
76,0.0,beta,84,0.527571,-0.276032,0.150158
76,0.0,beta,85,0.571226,-0.123678,0.14374
76,0.0,beta,86,0.587711,-0.056069,0.146826
76,0.0,beta,87,0.60282,-0.345206,0.160879
76,0.0,beta,88,0.608029,-0.298308,0.151644
76,0.0,beta,89,0.610082,-0.037447,0.150293
76,0.0,beta,90,0.648655,-0.192442,0.151078
76,0.0,beta,91,0.662507,-0.163372,0.153145
76,0.0,beta,92,0.663486,-0.250144,0.138807
76,0.0,beta,93,0.719629,-0.16394,0.154395
76,0.0,beta,94,0.738121,-0.004801,0.137731
76,0.0,beta,95,0.759385,-0.015703,0.139869
76,0.0,beta,96,0.765683,-0.198428,0.172505
76,0.0,beta,97,0.766117,-0.090235,0.142854
76,0.0,beta,98,0.834255,-0.243189,0.146499
76,0.0,beta,99,0.919538,0.198724,0.157443
76,0.0,beta,100,0.94931,0.180012,0.148749
76,0.0,beta,101,0.975092,-0.147552,0.144761
76,0.0,beta,102,0.984206,-0.077771,0.142052
76,0.0,beta,103,1.00925,0.043705,0.156788
76,0.0,beta,104,1.010602,0.032719,0.144457
76,0.0,beta,105,1.048603,0.156844,0.152523
76,0.0,beta,106,1.07944,-0.33859,0.162883
76,0.0,beta,107,1.099048,0.128337,0.143947
76,0.0,beta,108,1.118442,0.103962,0.146585
76,0.0,beta,109,1.135191,0.058414,0.156361
76,0.0,beta,110,1.257086,0.367901,0.1388
76,0.0,beta,111,1.268998,0.158587,0.146679
76,0.0,beta,112,1.305616,0.021496,0.154367
76,0.0,beta,113,1.334882,0.113276,0.141495
76,0.0,beta,114,1.367531,-0.136378,0.180701
76,0.0,beta,115,1.399186,0.203759,0.147091
76,0.0,beta,116,1.403779,0.443833,0.154243
76,0.0,beta,117,1.441669,0.152412,0.143241
76,0.0,beta,118,1.443148,0.309464,0.137655
76,0.0,beta,119,1.449952,0.718674,0.154079
76,0.0,beta,120,1.580855,0.434152,0.150408
76,0.0,beta,121,1.646541,0.351898,0.147626
76,0.0,beta,122,1.684384,0.330751,0.142658
76,0.0,beta,123,1.698407,0.495828,0.15255
76,0.0,beta,124,1.826588,0.698863,0.160271
76,0.0,beta,125,1.854856,0.55546,0.156121
76,0.0,beta,126,1.856143,0.382344,0.147617
76,0.0,beta,127,1.86928,0.348676,0.149808
76,0.0,beta,128,2.688931,0.776297,0.160371
76,0.0,alpha,1,1.891307,1.267955,0.323789
76,0.0,alpha,2,1.295264,0.837084,0.24805
76,0.0,alpha,3,0.8053,0.565427,0.174471
76,0.0,alpha,4,0.704728,0.751039,0.227563
76,0.0,alpha,5,1.771559,0.905664,0.2374
76,0.0,alpha,6,0.672303,0.543292,0.163771
76,0.0,alpha,7,1.553139,1.087475,0.243947
76,0.0,alpha,8,0.474741,0.660869,0.190811
76,0.0,alpha,9,1.163247,0.860369,0.233455
76,0.0,alpha,10,1.414589,0.676046,0.206056
76,0.0,alpha,11,0.825097,0.628523,0.179295
76,0.0,alpha,12,1.833833,1.0932,0.274578
76,0.0,alpha,13,2.749567,1.79546,0.384051
76,0.0,alpha,14,0.818871,0.734992,0.209116
76,0.0,alpha,15,0.417453,0.840526,0.205903
76,0.0,alpha,16,1.077384,0.683296,0.173862
76,0.0,alpha,17,0.842183,0.988098,0.266457
76,0.0,alpha,18,1.418657,0.837322,0.203108
76,0.0,alpha,19,1.114916,0.799158,0.214873
76,0.0,alpha,20,0.786671,0.727706,0.202034
76,0.0,alpha,21,1.474277,0.92326,0.246083
76,0.0,alpha,22,2.178138,1.38205,0.315194
76,0.0,alpha,23,1.036012,0.927578,0.225719
76,0.0,alpha,24,2.417453,1.09501,0.234931
76,0.0,alpha,25,0.926298,0.539537,0.160848
76,0.0,alpha,26,1.098932,0.825096,0.221227
76,0.0,alpha,27,0.806546,0.76715,0.18909
76,0.0,alpha,28,1.303457,0.893866,0.21162
76,0.0,alpha,29,1.213063,0.920282,0.219189
76,0.0,alpha,30,0.417427,0.406734,0.11936
76,0.0,alpha,31,1.310959,1.204435,0.25853
76,0.0,alpha,32,0.501306,0.743102,0.206909
76,0.0,alpha,33,0.689033,0.484598,0.143507
76,0.0,alpha,34,0.774639,0.846693,0.20803
76,0.0,alpha,35,2.410642,1.497855,0.339306
76,0.0,alpha,36,3.549563,1.130975,0.24246
76,0.0,alpha,37,0.460392,0.572696,0.158621
76,0.0,alpha,38,0.52942,0.579698,0.15247
76,0.0,alpha,39,0.303833,0.58602,0.172909
76,0.0,alpha,40,0.876506,0.622463,0.160896
76,0.0,alpha,41,0.857626,0.516086,0.147671
76,0.0,alpha,42,1.224832,0.760752,0.191829
76,0.0,alpha,43,0.894562,0.624901,0.167624
76,0.0,alpha,44,0.899571,0.642464,0.175945
76,0.0,alpha,45,1.907983,0.832934,0.195466
76,0.0,alpha,46,1.390857,0.544904,0.14514
76,0.0,alpha,47,1.382681,0.605634,0.172239
76,0.0,alpha,48,0.595913,0.486532,0.129323
76,0.0,alpha,49,0.538309,0.406422,0.11933
76,0.0,alpha,50,1.831003,0.904858,0.208519
76,0.0,alpha,51,1.157646,0.69359,0.181871
76,0.0,alpha,52,1.104993,0.745458,0.191363
76,0.0,alpha,53,1.741948,1.409565,0.30698
76,0.0,alpha,54,1.302042,0.583612,0.15835
76,0.0,alpha,55,0.866733,0.881666,0.204402
76,0.0,alpha,56,0.595982,0.52818,0.146122
76,0.0,alpha,57,1.303407,0.618828,0.173417
76,0.0,alpha,58,0.658566,0.33882,0.096662
76,0.0,alpha,59,1.353455,0.634735,0.164518
76,0.0,alpha,60,1.545595,0.88266,0.230581
76,0.0,alpha,61,0.667174,0.509546,0.150647
76,0.0,alpha,62,0.735676,0.420975,0.123327
76,0.0,alpha,63,0.690226,0.559257,0.140205
76,0.0,alpha,64,0.506731,0.626614,0.166809
76,0.0,alpha,65,0.685109,0.759621,0.187595
76,0.0,alpha,66,0.639499,0.594481,0.151282
76,0.0,alpha,67,0.949867,0.586388,0.150934
76,0.0,alpha,68,1.776564,0.763858,0.192952
76,0.0,alpha,69,1.217016,0.800528,0.187179
76,0.0,alpha,70,1.205557,0.726056,0.188169
76,0.0,alpha,71,0.77476,0.560576,0.156089
76,0.0,alpha,72,1.329117,0.740681,0.188738
76,0.0,alpha,73,0.842074,0.66291,0.175813
76,0.0,alpha,74,0.530278,0.719166,0.189858
76,0.0,alpha,75,0.652361,0.618665,0.167038
76,0.0,alpha,76,1.19057,0.802194,0.189967
76,0.0,alpha,77,1.874237,1.218155,0.268487
76,0.0,alpha,78,0.350827,0.521343,0.13972
76,0.0,alpha,79,1.137376,0.811457,0.18507
76,0.0,alpha,80,1.089585,1.00257,0.243922
76,0.0,alpha,81,0.941009,0.59462,0.162863
76,0.0,alpha,82,0.676937,0.413774,0.119083
76,0.0,alpha,83,1.423702,0.749596,0.200097
76,0.0,alpha,84,0.657155,0.54469,0.15134
76,0.0,alpha,85,0.556065,0.370529,0.111282
76,0.0,alpha,86,0.557728,0.454107,0.122347
76,0.0,alpha,87,0.932058,0.749846,0.19534
76,0.0,alpha,88,1.05546,0.749168,0.18989
76,0.0,alpha,89,1.248327,0.642516,0.168333
76,0.0,alpha,90,0.919543,0.656243,0.167892
76,0.0,alpha,91,0.619485,0.494216,0.130544
76,0.0,alpha,92,0.976801,0.316165,0.096966
76,0.0,alpha,93,0.922903,0.574334,0.160854
76,0.0,alpha,94,0.541932,0.47694,0.127602
76,0.0,alpha,95,1.078339,0.434298,0.124834
76,0.0,alpha,96,1.772057,0.96334,0.234097
76,0.0,alpha,97,0.353494,0.348774,0.103356
76,0.0,alpha,98,0.971919,0.608765,0.160044
76,0.0,alpha,99,0.760998,0.475128,0.142147
76,0.0,alpha,100,0.884128,0.422694,0.125134
76,0.0,alpha,101,1.783154,0.882186,0.195033
76,0.0,alpha,102,1.92122,0.684007,0.178365
76,0.0,alpha,103,1.173957,0.70569,0.181926
76,0.0,alpha,104,1.197605,0.368666,0.111814
76,0.0,alpha,105,1.268245,0.654811,0.17151
76,0.0,alpha,106,3.195681,0.841965,0.220261
76,0.0,alpha,107,0.800614,0.469238,0.131276
76,0.0,alpha,108,1.891466,0.733744,0.181252
76,0.0,alpha,109,1.405724,0.775934,0.195391
76,0.0,alpha,110,0.547538,0.503745,0.130691
76,0.0,alpha,111,0.807053,0.589111,0.162235
76,0.0,alpha,112,1.34467,0.623366,0.172262
76,0.0,alpha,113,1.84117,0.571958,0.157287
76,0.0,alpha,114,2.444184,1.356395,0.33416
76,0.0,alpha,115,0.644124,0.416808,0.118393
76,0.0,alpha,116,1.100011,0.668265,0.184963
76,0.0,alpha,117,0.629331,0.298481,0.091373
76,0.0,alpha,118,0.850932,0.460536,0.131979
76,0.0,alpha,119,0.987603,0.573314,0.149323
76,0.0,alpha,120,0.678064,0.375976,0.112454
76,0.0,alpha,121,1.246105,0.462381,0.131579
76,0.0,alpha,122,0.515442,0.47277,0.130828
76,0.0,alpha,123,1.407431,0.45976,0.133438
76,0.0,alpha,124,1.525478,0.639197,0.176269
76,0.0,alpha,125,0.625157,0.608795,0.173153
76,0.0,alpha,126,1.163159,0.463458,0.13039
76,0.0,alpha,127,1.027651,0.432889,0.126359
76,0.0,alpha,128,1.216989,0.369989,0.114402
76,0.15,theta,1,0.434671,0.135739,0.513737
76,0.15,theta,2,1.715218,1.157825,0.583181
76,0.15,theta,3,-2.476284,-1.38911,0.5076
76,0.15,theta,4,0.935325,0.740966,0.530448
76,0.15,theta,5,1.012927,0.564754,0.564434
76,0.15,theta,6,1.875175,1.6919,0.595231
76,0.15,theta,7,-0.569346,-0.17856,0.538562
76,0.15,theta,8,0.732207,0.92779,0.565886
76,0.15,theta,9,-1.456032,-1.338175,0.504107
76,0.15,theta,10,0.638676,0.495352,0.530039
76,0.15,theta,11,-0.169719,-0.306954,0.483448
76,0.15,theta,12,2.366434,1.932585,0.594147
76,0.15,theta,13,0.041538,0.050018,0.576989
76,0.15,theta,14,-1.284337,-0.2161,0.540303
76,0.15,theta,15,0.499015,0.323708,0.502704
76,0.15,theta,16,0.943571,0.329035,0.52771
76,0.15,theta,17,-0.343385,-0.119462,0.5692
76,0.15,theta,18,-1.154804,-0.927633,0.523712
76,0.15,theta,19,-0.219084,0.431652,0.501744
76,0.15,theta,20,1.193074,0.626746,0.565599
76,0.15,theta,21,1.642863,1.2216,0.58474
76,0.15,theta,22,0.173407,0.71003,0.534402
76,0.15,theta,23,-1.209745,-0.363688,0.503373
76,0.15,theta,24,-1.681192,-1.12562,0.498335
76,0.15,theta,25,0.492255,0.971364,0.558489
76,0.15,theta,26,-0.83096,-0.65438,0.491244
76,0.15,theta,27,0.371079,0.630718,0.542886
76,0.15,theta,28,-0.746461,-0.775574,0.5278
76,0.15,theta,29,-1.022038,-0.406757,0.497817
76,0.15,theta,30,0.177741,0.226114,0.548596
76,0.15,theta,31,-0.612346,-0.302733,0.532891
76,0.15,theta,32,-0.043204,0.153342,0.498159
76,0.15,theta,33,-1.4199,-0.777271,0.495346
76,0.15,theta,34,0.277117,-0.23797,0.505412
76,0.15,theta,35,0.361182,-0.119553,0.4742
76,0.15,theta,36,-1.622079,-0.607208,0.510268
76,0.15,theta,37,1.625763,0.896666,0.532442
76,0.15,theta,38,-1.006495,-0.587409,0.516477
76,0.15,theta,39,-1.279424,-1.876915,0.528578
76,0.15,theta,40,0.168716,0.559354,0.54291
76,0.15,theta,41,0.974149,0.895748,0.568469
76,0.15,theta,42,-0.287418,-0.819246,0.526896
76,0.15,theta,43,1.464471,1.7408,0.59518
76,0.15,theta,44,0.167317,0.407464,0.534008
76,0.15,theta,45,1.463257,1.064945,0.559827
76,0.15,theta,46,-0.420812,-0.390848,0.47991
76,0.15,theta,47,-0.668785,-0.707825,0.49121
76,0.15,theta,48,-0.802205,-0.71239,0.482894
76,0.15,theta,49,0.25911,0.411579,0.531191
76,0.15,theta,50,0.97029,1.70747,0.587084
76,0.15,theta,51,-0.817851,-0.890558,0.514608
76,0.15,theta,52,1.678676,0.682946,0.55093
76,0.15,theta,53,0.780943,1.20202,0.552234
76,0.15,theta,54,0.387721,0.650218,0.55466
76,0.15,theta,55,-1.143026,-1.081395,0.533262
76,0.15,theta,56,0.835514,1.10733,0.565615
76,0.15,theta,57,0.353499,-0.613388,0.493794
76,0.15,theta,58,-0.666311,-1.29487,0.504951
76,0.15,theta,59,-0.332063,-0.85515,0.51432
76,0.15,theta,60,-1.003222,-1.1941,0.46861
76,0.15,theta,61,1.380104,0.436357,0.559022
76,0.15,theta,62,-0.208589,0.033485,0.495947
76,0.15,theta,63,1.054537,1.594775,0.566932
76,0.15,theta,64,0.719271,-0.092133,0.520176
76,0.15,theta,65,-0.145947,0.353462,0.549148
76,0.15,theta,66,-1.345667,-0.0263,0.494357
76,0.15,theta,67,1.087104,0.600986,0.537177
76,0.15,theta,68,1.561319,0.996302,0.523442
76,0.15,theta,69,-0.327496,-0.83094,0.503675
76,0.15,theta,70,-1.097672,-0.494357,0.487966
76,0.15,theta,71,0.45711,-0.167904,0.514105
76,0.15,theta,72,-0.064356,-0.762202,0.455891
76,0.15,theta,73,-0.251905,0.258472,0.561348
76,0.15,theta,74,-1.035149,-0.795494,0.50803
76,0.15,theta,75,-0.282272,-0.224498,0.544231
76,0.15,theta,76,-0.914835,-0.793315,0.514966
76,0.15,theta,77,-0.910763,-0.42067,0.534932
76,0.15,theta,78,0.347956,0.767252,0.550099
76,0.15,theta,79,-1.400914,-1.679035,0.499313
76,0.15,theta,80,0.910123,0.561419,0.551528
76,0.15,theta,81,0.446614,0.456066,0.548653
76,0.15,theta,82,0.304838,-0.0063,0.517247
76,0.15,theta,83,-0.4191,-0.812007,0.496722
76,0.15,theta,84,-0.92948,-0.259676,0.555417
76,0.15,theta,85,0.038051,0.549192,0.5353
76,0.15,theta,86,0.041799,0.02948,0.530468
76,0.15,theta,87,0.534488,-0.236441,0.550112
76,0.15,theta,88,1.126828,0.933399,0.554851
76,0.15,theta,89,1.783997,1.286115,0.590802
76,0.15,theta,90,-1.117962,-0.687096,0.515515
76,0.15,theta,91,-1.86503,0.134392,0.51871
76,0.15,theta,92,-1.549752,-0.937942,0.529391
76,0.15,theta,93,-0.53665,-0.366938,0.539902
76,0.15,theta,94,1.196028,0.455422,0.520699
76,0.15,theta,95,0.346968,-0.290331,0.482403
76,0.15,theta,96,0.340644,0.396374,0.546977
76,0.15,theta,97,-0.142365,-0.95259,0.512942
76,0.15,theta,98,0.174699,-0.30555,0.520254
76,0.15,theta,99,0.352291,0.239087,0.52947
76,0.15,theta,100,0.144536,-0.675374,0.527268
76,0.15,theta,101,-0.188519,-0.235268,0.500401
76,0.15,theta,102,-0.234725,0.513577,0.542348
76,0.15,theta,103,0.84823,0.305832,0.530328
76,0.15,theta,104,-0.345241,-0.460866,0.492035
76,0.15,theta,105,-0.845411,-0.2355,0.51012
76,0.15,theta,106,0.681683,0.738024,0.569483
76,0.15,theta,107,0.567924,0.974817,0.573153
76,0.15,theta,108,-0.699274,-0.023357,0.526025
76,0.15,theta,109,0.157961,-0.161978,0.449472
76,0.15,theta,110,-2.876962,-1.204595,0.526338
76,0.15,theta,111,0.762177,0.878916,0.548524
76,0.15,theta,112,1.237899,1.714415,0.605535
76,0.15,theta,113,-1.243369,-1.12473,0.512197
76,0.15,theta,114,1.504833,0.619322,0.499208
76,0.15,theta,115,0.183469,-0.669739,0.522997
76,0.15,theta,116,0.262215,0.730016,0.565195
76,0.15,theta,117,0.638032,1.56917,0.585356
76,0.15,theta,118,0.624814,0.163218,0.514043
76,0.15,theta,119,0.958189,0.637806,0.530796
76,0.15,theta,120,-0.677229,-0.551446,0.525441
76,0.15,theta,121,0.820475,-0.098079,0.548769
76,0.15,theta,122,0.234447,-0.50511,0.487856
76,0.15,theta,123,-0.214812,-0.435588,0.467813
76,0.15,theta,124,0.69758,1.245615,0.573717
76,0.15,theta,125,0.482147,0.66423,0.567021
76,0.15,theta,126,-0.735582,-0.81188,0.485412
76,0.15,theta,127,-0.334298,-0.172538,0.556719
76,0.15,theta,128,0.843574,1.38784,0.579431
76,0.15,theta,129,0.216767,0.315474,0.496013
76,0.15,theta,130,0.616722,0.675548,0.549712
76,0.15,theta,131,1.382264,1.20876,0.572258
76,0.15,theta,132,-0.386487,-0.519796,0.506673
76,0.15,theta,133,0.455029,0.432684,0.530232
76,0.15,theta,134,-0.730453,-0.103828,0.49215
76,0.15,theta,135,-0.082048,1.198285,0.582691
76,0.15,theta,136,0.55007,0.154776,0.556483
76,0.15,theta,137,-1.463697,-0.65424,0.544166
76,0.15,theta,138,-1.014635,-0.34561,0.498514
76,0.15,theta,139,-2.425615,-2.50419,0.574946
76,0.15,theta,140,0.264321,-0.299219,0.514605
76,0.15,theta,141,0.959827,1.18766,0.585916
76,0.15,theta,142,1.337819,1.72339,0.597769
76,0.15,theta,143,-0.912097,-0.422462,0.517091
76,0.15,theta,144,-0.459471,-0.050373,0.545416
76,0.15,theta,145,0.524737,0.200252,0.53022
76,0.15,theta,146,0.463145,0.545849,0.537412
76,0.15,theta,147,-1.466832,-1.4359,0.50043
76,0.15,theta,148,0.263435,-0.525815,0.505751
76,0.15,theta,149,1.452137,2.336925,0.613785
76,0.15,theta,150,1.116431,0.714727,0.55249
76,0.15,theta,151,0.985247,1.00481,0.556281
76,0.15,theta,152,-1.580786,-0.8706,0.498703
76,0.15,theta,153,-0.500033,-0.984797,0.50128
76,0.15,theta,154,0.160515,0.611876,0.547265
76,0.15,theta,155,2.404278,0.856672,0.514206
76,0.15,theta,156,-0.781526,-0.611304,0.466604
76,0.15,theta,157,-0.655907,-0.560254,0.484553
76,0.15,theta,158,-0.309099,-0.566134,0.512676
76,0.15,theta,159,0.438352,0.041642,0.511422
76,0.15,theta,160,-1.828926,-1.884755,0.530184
76,0.15,theta,161,-0.752585,-1.271525,0.511543
76,0.15,theta,162,0.981724,0.698428,0.529208
76,0.15,theta,163,-0.291682,-0.392756,0.508117
76,0.15,theta,164,-1.353491,-0.530355,0.525782
76,0.15,theta,165,-0.958026,-0.700644,0.553615
76,0.15,theta,166,0.023895,-0.514799,0.523448
76,0.15,theta,167,1.05458,0.539582,0.538961
76,0.15,theta,168,-0.2283,-0.690829,0.469227
76,0.15,theta,169,0.400935,0.675468,0.544227
76,0.15,theta,170,0.321539,-0.011018,0.54091
76,0.15,theta,171,0.116922,0.409937,0.490472
76,0.15,theta,172,-0.622734,-0.08678,0.524021
76,0.15,theta,173,-1.97182,-0.793378,0.504219
76,0.15,theta,174,-0.174521,0.164065,0.524956
76,0.15,theta,175,0.23574,0.973746,0.548072
76,0.15,theta,176,-0.259479,-0.84228,0.536052
76,0.15,theta,177,-1.5905,-1.80343,0.5152
76,0.15,theta,178,1.113261,0.778128,0.547086
76,0.15,theta,179,-1.381169,-0.085657,0.570364
76,0.15,theta,180,0.0211,0.026553,0.495349
76,0.15,theta,181,1.036925,0.06235,0.570887
76,0.15,theta,182,-0.442834,0.140462,0.456959
76,0.15,theta,183,-0.605644,-0.678635,0.543631
76,0.15,theta,184,0.325362,-0.003113,0.526619
76,0.15,theta,185,0.052446,0.010871,0.509512
76,0.15,theta,186,0.67781,0.448057,0.56644
76,0.15,theta,187,-0.249213,0.131636,0.513672
76,0.15,theta,188,1.887649,1.08088,0.580229
76,0.15,theta,189,-1.601841,-1.02287,0.551837
76,0.15,theta,190,-0.668537,-0.63548,0.47951
76,0.15,theta,191,-1.509332,-0.851576,0.477017
76,0.15,theta,192,1.245061,1.0245,0.535288
76,0.15,theta,193,1.19615,0.90692,0.590251
76,0.15,theta,194,0.075618,0.15611,0.467778
76,0.15,theta,195,0.856919,0.931754,0.53352
76,0.15,theta,196,1.583428,1.011605,0.579854
76,0.15,theta,197,1.131989,0.552384,0.550678
76,0.15,theta,198,-1.054526,-1.319775,0.530683
76,0.15,theta,199,-0.147258,0.748518,0.545812
76,0.15,theta,200,-0.504239,-0.794087,0.530923
76,0.15,theta,201,0.202609,0.235884,0.535393
76,0.15,theta,202,0.35404,0.565898,0.56426
76,0.15,theta,203,1.333471,1.07508,0.58434
76,0.15,theta,204,0.129796,0.502546,0.53673
76,0.15,theta,205,-1.865416,-1.50045,0.49113
76,0.15,theta,206,1.798781,1.97402,0.614996
76,0.15,theta,207,1.120773,0.770482,0.546536
76,0.15,theta,208,0.077769,-0.439104,0.511249
76,0.15,theta,209,0.568419,0.944987,0.5654
76,0.15,theta,210,0.530786,0.132809,0.52595
76,0.15,theta,211,0.807365,0.757932,0.557538
76,0.15,theta,212,-0.974084,-0.705707,0.510382
76,0.15,theta,213,0.665461,0.960005,0.549847
76,0.15,theta,214,0.536092,0.951632,0.567274
76,0.15,theta,215,-1.164221,-0.615537,0.517411
76,0.15,theta,216,-1.140441,-1.020645,0.523347
76,0.15,theta,217,0.352759,-0.211096,0.527466
76,0.15,theta,218,-0.482371,-1.283435,0.508393
76,0.15,theta,219,0.127715,0.055833,0.526491
76,0.15,theta,220,-0.175732,0.01933,0.50421
76,0.15,theta,221,0.610077,0.449698,0.560425
76,0.15,theta,222,-0.527569,-0.029871,0.534055
76,0.15,theta,223,-1.0304,-1.071165,0.473938
76,0.15,theta,224,0.475569,0.476562,0.525435
76,0.15,theta,225,-1.254746,-0.889776,0.540045
76,0.15,theta,226,-0.813406,-1.506075,0.509934
76,0.15,theta,227,-0.970555,-0.269136,0.5284
76,0.15,theta,228,1.00782,0.490462,0.550545
76,0.15,theta,229,0.541213,0.205511,0.513556
76,0.15,theta,230,1.818639,0.962906,0.577659
76,0.15,theta,231,-0.307504,-0.271086,0.470628
76,0.15,theta,232,0.091592,0.361867,0.576856
76,0.15,theta,233,0.476629,0.538677,0.538346
76,0.15,theta,234,1.308142,0.46301,0.545357
76,0.15,theta,235,0.222778,-0.431351,0.514132
76,0.15,theta,236,0.089938,0.196406,0.512142
76,0.15,theta,237,-0.162684,-0.002092,0.507289
76,0.15,theta,238,0.236123,0.077741,0.518234
76,0.15,theta,239,-0.539811,-0.016667,0.500514
76,0.15,theta,240,0.585162,0.449286,0.546344
76,0.15,theta,241,0.959885,0.57472,0.539953
76,0.15,theta,242,0.315663,-0.30458,0.507483
76,0.15,theta,243,0.826156,0.322322,0.51883
76,0.15,theta,244,-1.264076,-1.175965,0.508015
76,0.15,theta,245,1.24079,0.478292,0.542391
76,0.15,theta,246,-0.757366,-0.751139,0.493306
76,0.15,theta,247,0.586354,0.55014,0.550893
76,0.15,theta,248,-0.817804,-1.44493,0.538502
76,0.15,theta,249,-1.670607,-0.756354,0.535348
76,0.15,theta,250,0.107934,0.352078,0.587114
76,0.15,theta,251,0.518445,-0.381137,0.51616
76,0.15,theta,252,-1.089043,-0.735413,0.499639
76,0.15,theta,253,0.015286,-0.908104,0.499201
76,0.15,theta,254,0.443034,0.031317,0.526255
76,0.15,theta,255,0.321263,-0.191028,0.525228
76,0.15,theta,256,0.416855,0.016026,0.535011
76,0.15,theta,257,-0.593917,-0.389035,0.518578
76,0.15,theta,258,0.493393,0.22159,0.504567
76,0.15,theta,259,-0.842241,-0.764198,0.529636
76,0.15,theta,260,-1.198227,-1.18451,0.51086
76,0.15,theta,261,0.321169,0.247138,0.54906
76,0.15,theta,262,0.618104,0.053713,0.52237
76,0.15,theta,263,0.460614,0.50517,0.543167
76,0.15,theta,264,-0.429201,-0.139228,0.538276
76,0.15,theta,265,-0.857815,-0.720114,0.489176
76,0.15,theta,266,0.965742,0.502328,0.558782
76,0.15,theta,267,-0.999292,-0.530024,0.528052
76,0.15,theta,268,-1.837433,-1.064945,0.544566
76,0.15,theta,269,1.16356,0.945881,0.552179
76,0.15,theta,270,0.13847,0.188032,0.507339
76,0.15,theta,271,1.182575,1.074655,0.582731
76,0.15,theta,272,-0.920311,-0.291585,0.494648
76,0.15,theta,273,-0.523449,0.46562,0.553635
76,0.15,theta,274,-0.544088,-0.950578,0.446223
76,0.15,theta,275,0.359823,0.391354,0.549375
76,0.15,theta,276,1.048626,1.02249,0.568001
76,0.15,theta,277,-0.560003,-0.239109,0.47986
76,0.15,theta,278,-0.379196,-0.33384,0.516839
76,0.15,theta,279,0.009782,0.398088,0.538698
76,0.15,theta,280,1.852902,1.558475,0.585905
76,0.15,theta,281,1.123319,1.114485,0.566526
76,0.15,theta,282,0.380756,-0.469882,0.518427
76,0.15,theta,283,1.201537,0.791345,0.565302
76,0.15,theta,284,1.609009,1.595345,0.60526
76,0.15,theta,285,1.01807,0.324676,0.510395
76,0.15,theta,286,-0.189102,0.398402,0.576428
76,0.15,theta,287,-1.163972,-0.603958,0.540923
76,0.15,theta,288,-0.52447,-0.877442,0.509391
76,0.15,theta,289,0.089848,-0.254294,0.531339
76,0.15,theta,290,0.105832,-0.324408,0.525136
76,0.15,theta,291,-0.222179,-0.56811,0.526443
76,0.15,theta,292,-1.371022,-1.03434,0.497936
76,0.15,theta,293,1.694395,1.74022,0.6147
76,0.15,theta,294,-0.002677,-0.482327,0.523362
76,0.15,theta,295,-0.942274,-0.758357,0.507557
76,0.15,theta,296,2.140699,1.11081,0.581252
76,0.15,theta,297,0.656565,-0.028783,0.489334
76,0.15,theta,298,-0.755762,-0.854359,0.485103
76,0.15,theta,299,-0.31357,-0.336244,0.477423
76,0.15,theta,300,0.246449,0.51455,0.544867
76,0.15,theta,301,0.47991,-0.283194,0.511099
76,0.15,theta,302,1.361496,0.608564,0.567115
76,0.15,theta,303,0.75056,1.566795,0.583095
76,0.15,theta,304,-0.420363,0.60286,0.566209
76,0.15,theta,305,0.831045,0.524992,0.523441
76,0.15,theta,306,0.20174,0.368624,0.550625
76,0.15,theta,307,-0.157442,0.264587,0.5139
76,0.15,theta,308,-0.018328,0.035589,0.555084
76,0.15,theta,309,-1.510446,-1.511055,0.543208
76,0.15,theta,310,0.678554,0.56624,0.544348
76,0.15,theta,311,-1.340253,-1.62565,0.536996
76,0.15,theta,312,-1.704148,-1.52147,0.509867
76,0.15,theta,313,1.189203,1.19119,0.549859
76,0.15,theta,314,0.592724,0.157708,0.504147
76,0.15,theta,315,-0.659333,-0.066062,0.53048
76,0.15,theta,316,-0.135599,0.531962,0.560167
76,0.15,theta,317,0.583291,0.270858,0.510936
76,0.15,theta,318,0.420208,-0.411296,0.497591
76,0.15,theta,319,0.671106,0.122854,0.505591
76,0.15,theta,320,-0.155506,-0.113754,0.486206
76,0.15,theta,321,2.09843,2.513455,0.611666
76,0.15,theta,322,-0.11324,0.223946,0.548233
76,0.15,theta,323,0.292983,0.073961,0.553433
76,0.15,theta,324,-1.058629,-1.469175,0.510481
76,0.15,theta,325,-0.084811,0.092231,0.540575
76,0.15,theta,326,0.546264,1.31477,0.570975
76,0.15,theta,327,0.386087,0.07947,0.497414
76,0.15,theta,328,-0.392866,-0.555376,0.506173
76,0.15,theta,329,-0.375687,-0.603114,0.507947
76,0.15,theta,330,-0.78119,-0.841553,0.529776
76,0.15,theta,331,-0.822979,-0.910654,0.518364
76,0.15,theta,332,1.402812,1.78215,0.597094
76,0.15,theta,333,1.347756,0.77737,0.575592
76,0.15,theta,334,-1.818099,-1.341695,0.538059
76,0.15,theta,335,1.003736,0.222415,0.555128
76,0.15,theta,336,-1.52592,-0.788849,0.526387
76,0.15,theta,337,1.586644,0.627739,0.54596
76,0.15,theta,338,-0.57002,-1.028665,0.542143
76,0.15,theta,339,-1.858121,-2.27082,0.516204
76,0.15,theta,340,-0.293611,0.410137,0.525912
76,0.15,theta,341,1.443516,1.62358,0.610239
76,0.15,theta,342,-0.499679,-0.615127,0.512874
76,0.15,theta,343,-1.046318,-0.175992,0.519174
76,0.15,theta,344,0.186073,-0.116107,0.554549
76,0.15,theta,345,1.10429,1.01272,0.560889
76,0.15,theta,346,-1.545129,-1.022595,0.527335
76,0.15,theta,347,1.335645,1.032375,0.549225
76,0.15,theta,348,1.006107,0.89165,0.549606
76,0.15,theta,349,1.900566,0.733606,0.537922
76,0.15,theta,350,-0.294282,-0.49673,0.485558
76,0.15,theta,351,0.128399,0.227681,0.550567
76,0.15,theta,352,0.025897,0.530426,0.558589
76,0.15,theta,353,-0.357698,-0.297664,0.513842
76,0.15,theta,354,0.415952,0.49867,0.520419
76,0.15,theta,355,0.196117,0.008739,0.54368
76,0.15,theta,356,-1.152687,-0.617359,0.50286
76,0.15,theta,357,0.404548,-0.30214,0.516151
76,0.15,theta,358,-1.891573,-1.07105,0.508795
76,0.15,theta,359,-0.42499,-0.308488,0.516251
76,0.15,theta,360,0.348291,0.300172,0.560552
76,0.15,theta,361,-0.354591,0.176995,0.53041
76,0.15,theta,362,2.290293,2.18764,0.614982
76,0.15,theta,363,0.590511,0.151106,0.549383
76,0.15,theta,364,-0.288282,0.022779,0.487011
76,0.15,theta,365,1.53692,0.890254,0.598788
76,0.15,theta,366,0.551507,1.10992,0.582003
76,0.15,theta,367,0.337982,0.274802,0.502586
76,0.15,theta,368,-0.036696,-0.959659,0.505683
76,0.15,theta,369,0.769823,0.116761,0.553654
76,0.15,theta,370,-0.380056,-0.52415,0.485217
76,0.15,theta,371,1.402455,1.32194,0.561433
76,0.15,theta,372,-0.682245,-0.501822,0.490799
76,0.15,theta,373,0.884008,0.767552,0.542364
76,0.15,theta,374,0.148332,0.410814,0.547043
76,0.15,theta,375,0.527012,0.247956,0.542541
76,0.15,theta,376,0.800353,1.411265,0.569764
76,0.15,theta,377,-1.988598,-1.84083,0.521873
76,0.15,theta,378,-1.622286,-1.528765,0.511431
76,0.15,theta,379,-1.384706,-0.794846,0.533016
76,0.15,theta,380,-1.576352,-0.604502,0.509153
76,0.15,theta,381,-0.483624,-0.223166,0.51653
76,0.15,theta,382,-0.474875,-0.562626,0.484274
76,0.15,theta,383,0.015038,0.179094,0.553066
76,0.15,theta,384,-0.394696,-0.013678,0.492737
76,0.15,theta,385,-0.122492,0.170069,0.508586
76,0.15,theta,386,0.943592,0.803848,0.570448
76,0.15,theta,387,0.756869,-0.596698,0.513745
76,0.15,theta,388,-1.785752,-1.130965,0.520113
76,0.15,theta,389,-0.591618,-0.680177,0.494061
76,0.15,theta,390,-0.678644,-1.106265,0.532862
76,0.15,theta,391,-1.373197,-0.565492,0.517543
76,0.15,theta,392,0.296453,0.75702,0.567115
76,0.15,theta,393,-1.603554,-1.071155,0.559689
76,0.15,theta,394,0.225685,-0.077915,0.493187
76,0.15,theta,395,-0.147096,0.764894,0.551
76,0.15,theta,396,-1.370998,-1.2064,0.503675
76,0.15,theta,397,-0.029815,0.82726,0.539329
76,0.15,theta,398,-0.688539,-0.958852,0.520102
76,0.15,theta,399,-0.858415,-0.440918,0.506741
76,0.15,theta,400,-0.624945,-0.297766,0.468391
76,0.15,theta,401,0.189711,-0.252868,0.515464
76,0.15,theta,402,-1.57896,-0.505062,0.51972
76,0.15,theta,403,-0.055323,0.376361,0.55634
76,0.15,theta,404,-0.190607,0.550434,0.542553
76,0.15,theta,405,0.203107,-0.129161,0.486761
76,0.15,theta,406,-0.849939,-0.81907,0.520414
76,0.15,theta,407,0.725524,0.027541,0.520964
76,0.15,theta,408,-2.614739,-2.12046,0.547932
76,0.15,theta,409,-1.657343,-1.23705,0.515802
76,0.15,theta,410,-0.289518,0.515285,0.533814
76,0.15,theta,411,0.935329,1.454615,0.569817
76,0.15,theta,412,0.827467,1.142825,0.565878
76,0.15,theta,413,-0.978832,-0.68186,0.523816
76,0.15,theta,414,-1.218795,-1.047965,0.532893
76,0.15,theta,415,0.925875,0.798744,0.572319
76,0.15,theta,416,-0.830954,-0.754408,0.545502
76,0.15,theta,417,-0.604058,-0.500808,0.545682
76,0.15,theta,418,-2.236402,-0.499264,0.558435
76,0.15,theta,419,0.103193,0.088849,0.56322
76,0.15,theta,420,-0.480591,-0.471173,0.500368
76,0.15,theta,421,-1.767396,-2.322315,0.563939
76,0.15,theta,422,0.322688,-0.575244,0.546242
76,0.15,theta,423,-1.226531,-1.336165,0.519071
76,0.15,theta,424,-0.572037,-0.779306,0.516509
76,0.15,theta,425,-0.710304,-0.69508,0.504853
76,0.15,theta,426,0.779249,0.570988,0.542089
76,0.15,theta,427,0.224524,-0.025763,0.50482
76,0.15,theta,428,0.616111,0.732357,0.570164
76,0.15,theta,429,0.177,0.463389,0.543281
76,0.15,theta,430,0.498383,1.759785,0.611525
76,0.15,theta,431,-0.944844,-0.950762,0.524331
76,0.15,theta,432,-0.050789,0.526026,0.565502
76,0.15,theta,433,-0.219788,-0.302396,0.523543
76,0.15,theta,434,-0.167284,-0.043814,0.511353
76,0.15,theta,435,1.764524,1.175755,0.558782
76,0.15,theta,436,0.363438,0.880634,0.567346
76,0.15,theta,437,-1.307604,-0.659332,0.496976
76,0.15,theta,438,-0.802684,-0.879463,0.501067
76,0.15,theta,439,-2.24283,-1.298515,0.499505
76,0.15,theta,440,1.517819,1.64435,0.579475
76,0.15,theta,441,-0.420495,-0.36834,0.502146
76,0.15,theta,442,-0.168807,0.053378,0.559336
76,0.15,theta,443,0.586909,0.26773,0.536978
76,0.15,theta,444,-0.803556,-0.871559,0.538545
76,0.15,theta,445,-0.797541,-0.771498,0.504499
76,0.15,theta,446,0.248276,-0.019603,0.558152
76,0.15,theta,447,0.611104,-0.272896,0.537409
76,0.15,theta,448,-0.430759,-0.250318,0.535668
76,0.15,theta,449,0.645255,0.233351,0.553175
76,0.15,theta,450,-0.52378,0.23852,0.555563
76,0.15,theta,451,-1.434475,-1.62245,0.509269
76,0.15,theta,452,0.28372,0.611808,0.560138
76,0.15,theta,453,-1.199455,-0.910936,0.488858
76,0.15,theta,454,0.539511,0.271198,0.545646
76,0.15,theta,455,0.033499,-0.019539,0.527473
76,0.15,theta,456,0.508588,0.44656,0.531819
76,0.15,theta,457,0.773668,0.261413,0.508411
76,0.15,theta,458,0.850812,1.18445,0.561798
76,0.15,theta,459,1.36688,1.443185,0.585438
76,0.15,theta,460,0.583916,0.509365,0.561695
76,0.15,theta,461,0.418201,0.253959,0.523292
76,0.15,theta,462,-0.707178,-0.965602,0.507244
76,0.15,theta,463,0.42646,0.852558,0.588394
76,0.15,theta,464,0.29369,-0.002603,0.538318
76,0.15,theta,465,-0.808878,-0.583533,0.502149
76,0.15,theta,466,-0.854753,-1.08328,0.509215
76,0.15,theta,467,-0.623004,-0.256037,0.517394
76,0.15,theta,468,-0.489998,-0.524876,0.523683
76,0.15,theta,469,1.411197,0.464156,0.519545
76,0.15,theta,470,-0.265171,-0.381781,0.517399
76,0.15,theta,471,0.687684,0.516106,0.536063
76,0.15,theta,472,1.048191,0.62099,0.565365
76,0.15,theta,473,0.773057,1.614515,0.594709
76,0.15,theta,474,-0.687816,0.000949,0.493845
76,0.15,theta,475,0.767063,0.716001,0.574204
76,0.15,theta,476,0.608495,0.601732,0.559483
76,0.15,theta,477,-0.773511,-0.607816,0.505504
76,0.15,theta,478,0.623711,0.700784,0.50651
76,0.15,theta,479,1.159468,0.93768,0.551067
76,0.15,theta,480,-1.007175,-0.829656,0.477827
76,0.15,theta,481,0.402847,0.498506,0.525113
76,0.15,theta,482,-0.953148,-0.818823,0.497887
76,0.15,theta,483,0.579323,0.074515,0.518838
76,0.15,theta,484,-0.758534,-0.138612,0.55299
76,0.15,theta,485,-0.983091,0.033442,0.494692
76,0.15,theta,486,3.003415,1.70184,0.595215
76,0.15,theta,487,1.074255,1.637695,0.593966
76,0.15,theta,488,1.891948,1.169165,0.573226
76,0.15,theta,489,1.040628,0.02929,0.487454
76,0.15,theta,490,1.074516,0.117488,0.515592
76,0.15,theta,491,-0.072564,-0.233042,0.517242
76,0.15,theta,492,-0.265674,-0.144946,0.531705
76,0.15,theta,493,-1.629645,-1.70691,0.556253
76,0.15,theta,494,0.324489,0.3708,0.527433
76,0.15,theta,495,-0.082,-0.529642,0.530038
76,0.15,theta,496,-0.284192,-0.223686,0.531744
76,0.15,theta,497,-0.116874,-0.486067,0.519873
76,0.15,theta,498,-0.913546,-1.42972,0.508006
76,0.15,theta,499,1.033823,1.33098,0.578196
76,0.15,theta,500,2.091623,1.654045,0.608473
76,0.15,theta,501,0.856135,1.14522,0.601154
76,0.15,theta,502,-0.270637,0.17715,0.509407
76,0.15,theta,503,-1.049632,-0.845771,0.509153
76,0.15,theta,504,-2.461565,-1.465775,0.51873
76,0.15,theta,505,1.253098,0.429159,0.515042
76,0.15,theta,506,-1.514599,-0.803416,0.49124
76,0.15,theta,507,-0.16128,-0.774474,0.507214
76,0.15,theta,508,1.029112,1.28946,0.59168
76,0.15,theta,509,-1.350786,-0.24597,0.499453
76,0.15,theta,510,-0.407627,-1.482145,0.49529
76,0.15,theta,511,1.327075,1.54934,0.571378
76,0.15,theta,512,-0.049869,0.605216,0.561528
76,0.15,theta,513,-1.38252,-1.00268,0.511351
76,0.15,theta,514,0.218458,0.266764,0.553288
76,0.15,theta,515,-1.067717,-0.817298,0.474262
76,0.15,theta,516,1.676203,0.31473,0.584728
76,0.15,theta,517,0.281732,0.441119,0.569132
76,0.15,theta,518,-0.516137,-0.3624,0.526867
76,0.15,theta,519,-1.237835,-0.630458,0.514696
76,0.15,theta,520,0.555424,0.406767,0.548
76,0.15,theta,521,-1.499448,-1.44452,0.499654
76,0.15,theta,522,2.094713,1.848295,0.607669
76,0.15,theta,523,-0.010938,-0.015188,0.503282
76,0.15,theta,524,-0.764345,-0.251989,0.552233
76,0.15,theta,525,-1.133711,-0.397752,0.492931
76,0.15,theta,526,-0.104559,-0.360256,0.519268
76,0.15,theta,527,-0.740265,-0.967078,0.517371
76,0.15,theta,528,-0.926528,0.112772,0.55261
76,0.15,theta,529,0.027894,0.201894,0.535362
76,0.15,theta,530,1.052519,0.836054,0.555461
76,0.15,theta,531,0.83288,0.501918,0.517782
76,0.15,theta,532,0.441753,1.136235,0.566497
76,0.15,theta,533,-0.182435,-0.705911,0.516242
76,0.15,theta,534,1.155912,0.583958,0.527678
76,0.15,theta,535,-0.787088,-0.086201,0.524648
76,0.15,theta,536,0.907121,0.818762,0.54038
76,0.15,theta,537,0.542125,0.706002,0.5386
76,0.15,theta,538,0.080853,0.297948,0.491015
76,0.15,theta,539,1.455356,1.607125,0.612242
76,0.15,theta,540,-1.722454,-1.374215,0.48455
76,0.15,theta,541,-0.339244,-0.699271,0.467289
76,0.15,theta,542,0.740867,0.686822,0.553755
76,0.15,theta,543,1.437398,1.394445,0.592544
76,0.15,theta,544,-1.220272,0.044505,0.566288
76,0.15,theta,545,1.473977,1.23796,0.578938
76,0.15,theta,546,0.8501,0.404214,0.520584
76,0.15,theta,547,-0.032977,0.234751,0.55334
76,0.15,theta,548,-0.075227,-0.238884,0.522121
76,0.15,theta,549,-0.5891,-0.307284,0.540407
76,0.15,theta,550,1.246462,1.614275,0.592448
76,0.15,theta,551,0.628205,0.249608,0.531531
76,0.15,theta,552,0.967333,0.310566,0.541788
76,0.15,theta,553,0.846305,1.364695,0.589499
76,0.15,theta,554,0.626085,0.293538,0.555274
76,0.15,theta,555,0.079656,0.32894,0.518037
76,0.15,theta,556,0.349939,-0.105516,0.473267
76,0.15,theta,557,0.224683,-0.27268,0.486687
76,0.15,theta,558,0.796563,0.494892,0.552911
76,0.15,theta,559,0.150438,0.103909,0.519568
76,0.15,theta,560,-0.472673,-0.751628,0.482003
76,0.15,theta,561,-0.686145,-0.284112,0.519765
76,0.15,theta,562,0.044337,0.207974,0.524186
76,0.15,theta,563,1.567223,1.53925,0.593782
76,0.15,theta,564,-0.239193,-1.043245,0.498662
76,0.15,theta,565,0.307693,0.890103,0.562556
76,0.15,theta,566,-0.311289,-0.700938,0.52
76,0.15,theta,567,-0.114227,-0.591006,0.517907
76,0.15,theta,568,-0.411113,-0.169427,0.511814
76,0.15,theta,569,0.059124,0.08984,0.509687
76,0.15,theta,570,0.100921,0.045042,0.512084
76,0.15,theta,571,0.704269,1.260135,0.573656
76,0.15,theta,572,-0.040373,0.123281,0.527531
76,0.15,theta,573,-0.699635,-0.147408,0.508846
76,0.15,theta,574,-1.159,-0.891682,0.531721
76,0.15,theta,575,-0.265069,-0.044193,0.512511
76,0.15,theta,576,1.587284,1.626765,0.592907
76,0.15,theta,577,2.229428,0.956293,0.57364
76,0.15,theta,578,-0.215077,0.27078,0.544029
76,0.15,theta,579,0.681738,0.54742,0.553904
76,0.15,theta,580,0.26116,-0.758643,0.532862
76,0.15,theta,581,-0.302337,0.67268,0.555014
76,0.15,theta,582,0.183998,0.696258,0.550801
76,0.15,theta,583,0.849304,0.735571,0.556368
76,0.15,theta,584,-0.975993,-0.907782,0.50578
76,0.15,theta,585,0.592032,1.283515,0.565522
76,0.15,theta,586,-0.299634,-0.2079,0.52436
76,0.15,theta,587,-0.170482,-0.485676,0.528404
76,0.15,theta,588,-0.239479,-0.040225,0.498216
76,0.15,theta,589,1.517412,1.342945,0.596263
76,0.15,theta,590,2.484956,1.6696,0.615545
76,0.15,theta,591,0.883449,0.770898,0.520925
76,0.15,theta,592,0.754839,1.14392,0.593862
76,0.15,theta,593,-0.771242,-0.191074,0.51465
76,0.15,theta,594,0.234534,0.382876,0.512191
76,0.15,theta,595,1.112104,0.893148,0.553523
76,0.15,theta,596,-1.115586,-0.426438,0.503759
76,0.15,theta,597,0.815879,0.805652,0.553575
76,0.15,theta,598,0.858119,0.37988,0.549354
76,0.15,theta,599,0.880757,1.088295,0.594526
76,0.15,theta,600,1.150209,1.418305,0.579956
76,0.15,theta,601,0.902476,1.743765,0.6082
76,0.15,theta,602,-0.769295,-0.071584,0.507011
76,0.15,theta,603,-2.081347,-1.37776,0.53309
76,0.15,theta,604,-1.192328,-0.330623,0.527372
76,0.15,theta,605,-0.354443,-0.32345,0.528411
76,0.15,theta,606,-1.538588,-1.0076,0.52078
76,0.15,theta,607,-0.752998,-0.386022,0.502671
76,0.15,theta,608,0.681776,0.302728,0.501968
76,0.15,theta,609,-0.566731,0.073025,0.548202
76,0.15,theta,610,-1.456655,-0.184971,0.528597
76,0.15,theta,611,-0.097743,0.01567,0.523721
76,0.15,theta,612,-1.204769,-0.298458,0.491049
76,0.15,theta,613,-2.070197,-0.675282,0.521946
76,0.15,theta,614,1.230152,1.23661,0.559805
76,0.15,theta,615,0.366406,0.292469,0.516604
76,0.15,theta,616,-2.203782,-1.056545,0.525032
76,0.15,theta,617,0.023517,-0.095759,0.536822
76,0.15,theta,618,0.958551,1.020375,0.565268
76,0.15,theta,619,-2.248503,-1.367245,0.500523
76,0.15,theta,620,-0.119364,0.012414,0.530233
76,0.15,theta,621,-0.357893,0.775838,0.562616
76,0.15,theta,622,-0.476127,0.153072,0.551976
76,0.15,theta,623,0.583564,0.51576,0.548085
76,0.15,theta,624,1.06748,1.297965,0.576427
76,0.15,theta,625,0.367458,0.984772,0.550021
76,0.15,theta,626,0.426731,0.858547,0.554192
76,0.15,theta,627,0.100344,0.289578,0.50673
76,0.15,theta,628,-0.398663,-0.846932,0.500274
76,0.15,theta,629,-1.096631,-0.850119,0.526288
76,0.15,theta,630,-0.499654,-0.828035,0.543492
76,0.15,theta,631,-0.387932,-0.459122,0.496995
76,0.15,theta,632,-1.015241,-0.679538,0.494575
76,0.15,theta,633,0.726781,0.372478,0.560837
76,0.15,theta,634,-0.319238,-0.640806,0.549135
76,0.15,theta,635,0.781498,1.34849,0.597885
76,0.15,theta,636,-3.491196,-2.402055,0.576816
76,0.15,theta,637,-1.192081,-1.43344,0.484034
76,0.15,theta,638,-4.389203,-2.52422,0.550245
76,0.15,theta,639,0.22093,0.852328,0.52083
76,0.15,theta,640,-0.198129,0.233984,0.521129
76,0.15,theta,641,-0.416666,-0.627068,0.564347
76,0.15,theta,642,1.342213,1.140735,0.584342
76,0.15,theta,643,0.413003,0.030019,0.47665
76,0.15,theta,644,-1.413774,-1.000885,0.495424
76,0.15,theta,645,-2.552795,-2.038975,0.505572
76,0.15,theta,646,-1.653433,-1.185945,0.504193
76,0.15,theta,647,-1.725695,-1.62266,0.515669
76,0.15,theta,648,0.599536,0.67932,0.518176
76,0.15,theta,649,0.187138,-0.087777,0.527793
76,0.15,theta,650,-0.602228,-1.041125,0.506053
76,0.15,theta,651,1.232996,0.777036,0.561028
76,0.15,theta,652,1.802738,2.13544,0.607034
76,0.15,theta,653,0.15737,0.002054,0.550412
76,0.15,theta,654,0.126183,0.028665,0.482403
76,0.15,theta,655,0.475779,0.64304,0.507775
76,0.15,theta,656,-0.507693,-0.514182,0.493816
76,0.15,theta,657,0.585037,0.283917,0.534084
76,0.15,theta,658,-0.043847,-0.109108,0.524977
76,0.15,theta,659,0.217258,0.512091,0.544187
76,0.15,theta,660,0.732754,0.687272,0.603174
76,0.15,theta,661,0.371979,-0.051236,0.552148
76,0.15,theta,662,0.377261,0.360672,0.536597
76,0.15,theta,663,-0.657493,0.228812,0.544492
76,0.15,theta,664,0.163442,-0.38013,0.4691
76,0.15,theta,665,0.503931,0.575128,0.515439
76,0.15,theta,666,-2.13524,-1.35542,0.542469
76,0.15,theta,667,-1.561071,-1.11047,0.533674
76,0.15,theta,668,1.897246,1.551405,0.597119
76,0.15,theta,669,0.293927,-0.175959,0.55686
76,0.15,theta,670,1.2823,0.529578,0.54358
76,0.15,theta,671,-1.092192,-0.31332,0.507646
76,0.15,theta,672,-0.391691,-0.572192,0.533058
76,0.15,theta,673,0.336442,0.81146,0.533432
76,0.15,theta,674,-0.96879,-1.293025,0.504672
76,0.15,theta,675,0.95455,0.89475,0.554084
76,0.15,theta,676,0.70277,0.883256,0.541079
76,0.15,theta,677,-0.822939,-0.60874,0.559155
76,0.15,theta,678,0.045175,-0.046853,0.50479
76,0.15,theta,679,0.623183,1.280685,0.587685
76,0.15,theta,680,-0.439531,-0.750273,0.513303
76,0.15,theta,681,-1.450503,-1.51223,0.554791
76,0.15,theta,682,-0.998044,-0.202763,0.524252
76,0.15,theta,683,1.339961,1.694035,0.581257
76,0.15,theta,684,-0.415064,-0.243328,0.494535
76,0.15,theta,685,-0.797767,-0.62543,0.449161
76,0.15,theta,686,0.499919,0.797336,0.558989
76,0.15,theta,687,-0.456002,-0.988522,0.521239
76,0.15,theta,688,0.416648,0.973726,0.575054
76,0.15,theta,689,-0.892322,-0.200107,0.527087
76,0.15,theta,690,1.427182,1.097485,0.571237
76,0.15,theta,691,0.186476,-0.488496,0.514092
76,0.15,theta,692,-0.7027,-0.070219,0.518476
76,0.15,theta,693,-0.455707,0.002928,0.483878
76,0.15,theta,694,0.299268,-0.333606,0.515372
76,0.15,theta,695,-0.271514,-0.713191,0.507991
76,0.15,theta,696,-0.344627,-0.13171,0.558897
76,0.15,theta,697,2.255471,1.89786,0.582324
76,0.15,theta,698,0.289345,0.064775,0.55011
76,0.15,theta,699,1.464548,1.46898,0.582691
76,0.15,theta,700,0.593135,0.423764,0.560791
76,0.15,theta,701,0.261218,-0.464092,0.51406
76,0.15,theta,702,-0.521043,-0.682641,0.485409
76,0.15,theta,703,1.708852,1.374125,0.559432
76,0.15,theta,704,-0.755046,-0.679552,0.497964
76,0.15,theta,705,0.461842,1.14016,0.587899
76,0.15,theta,706,-0.811152,-0.637956,0.518218
76,0.15,theta,707,-1.548065,-1.439035,0.537401
76,0.15,theta,708,1.314785,0.243199,0.507377
76,0.15,theta,709,0.94486,0.563002,0.526788
76,0.15,theta,710,0.334654,-0.668386,0.543748
76,0.15,theta,711,-0.875714,-1.104655,0.502835
76,0.15,theta,712,-0.099052,-0.314808,0.545488
76,0.15,theta,713,-0.470236,-0.68285,0.51407
76,0.15,theta,714,-0.619931,-0.706981,0.480425
76,0.15,theta,715,-1.081683,-0.443968,0.533914
76,0.15,theta,716,-0.467009,-0.760173,0.507561
76,0.15,theta,717,1.041887,0.494547,0.548522
76,0.15,theta,718,0.532704,1.163455,0.573188
76,0.15,theta,719,1.021379,1.083605,0.543973
76,0.15,theta,720,0.552237,0.16268,0.501039
76,0.15,theta,721,1.047021,1.18419,0.564194
76,0.15,theta,722,0.140407,-0.124016,0.515507
76,0.15,theta,723,0.10281,-0.104294,0.522233
76,0.15,theta,724,3.767203,2.355885,0.612215
76,0.15,theta,725,-1.659624,-0.875499,0.521608
76,0.15,theta,726,1.128066,0.366487,0.510788
76,0.15,theta,727,-0.003046,-0.032109,0.519782
76,0.15,theta,728,1.023412,0.589577,0.56663
76,0.15,theta,729,1.442559,1.841035,0.59862
76,0.15,theta,730,1.483125,0.924502,0.577503
76,0.15,theta,731,-1.024044,-0.445658,0.496827
76,0.15,theta,732,1.943096,1.07667,0.550866
76,0.15,theta,733,0.957789,0.208409,0.537069
76,0.15,theta,734,1.100135,0.913866,0.558619
76,0.15,theta,735,-1.393029,-0.663549,0.505954
76,0.15,theta,736,1.883047,1.94699,0.606881
76,0.15,theta,737,-0.192245,0.554782,0.562676
76,0.15,theta,738,-0.83328,0.35109,0.511352
76,0.15,theta,739,-2.588254,-1.948525,0.57215
76,0.15,theta,740,-0.747957,-0.606954,0.466105
76,0.15,theta,741,0.320366,-0.15775,0.517661
76,0.15,theta,742,-1.178344,-1.110495,0.516412
76,0.15,theta,743,-0.210174,-0.317322,0.477517
76,0.15,theta,744,-2.724645,-1.20399,0.492433
76,0.15,theta,745,1.549295,1.12347,0.575238
76,0.15,theta,746,0.633701,-0.364408,0.502068
76,0.15,theta,747,0.483695,-0.229598,0.543477
76,0.15,theta,748,-0.69894,-0.301062,0.518644
76,0.15,theta,749,-1.045637,-0.472343,0.493281
76,0.15,theta,750,-0.028587,0.206906,0.539546
76,0.15,theta,751,1.532323,0.626955,0.580118
76,0.15,theta,752,-0.015513,-0.081953,0.541465
76,0.15,theta,753,0.214676,-0.391884,0.485078
76,0.15,theta,754,-1.503101,-0.726712,0.496004
76,0.15,theta,755,-1.39045,-0.611726,0.488978
76,0.15,theta,756,0.029954,-0.115761,0.557398
76,0.15,theta,757,-0.931532,-0.136236,0.554908
76,0.15,theta,758,1.045247,0.483259,0.520855
76,0.15,theta,759,-0.006778,-1.039205,0.513709
76,0.15,theta,760,0.562762,-0.07042,0.527319
76,0.15,theta,761,1.008632,0.60118,0.515586
76,0.15,theta,762,0.235849,0.39794,0.534126
76,0.15,theta,763,0.893797,0.841723,0.535446
76,0.15,theta,764,-2.92905,-1.994675,0.535471
76,0.15,theta,765,-0.320578,-0.75746,0.486524
76,0.15,theta,766,-0.111248,-0.863413,0.511969
76,0.15,theta,767,1.137886,0.451572,0.53271
76,0.15,theta,768,-1.651276,-0.85758,0.536523
76,0.15,theta,769,-0.380258,-0.068884,0.52198
76,0.15,theta,770,-0.412057,-0.775059,0.528472
76,0.15,theta,771,-0.477818,-0.58173,0.48423
76,0.15,theta,772,0.828369,1.035855,0.568491
76,0.15,theta,773,0.530671,0.645094,0.520828
76,0.15,theta,774,-1.515336,-0.479208,0.490591
76,0.15,theta,775,-0.839905,-0.623719,0.483316
76,0.15,theta,776,-0.003009,-0.313671,0.508668
76,0.15,theta,777,0.032174,0.40949,0.560555
76,0.15,theta,778,1.129896,0.821167,0.565926
76,0.15,theta,779,1.293768,0.916149,0.537523
76,0.15,theta,780,-0.63528,-0.803721,0.487985
76,0.15,theta,781,-1.326164,-0.379905,0.52344
76,0.15,theta,782,1.302733,0.800421,0.549822
76,0.15,theta,783,-0.309042,-0.922635,0.505723
76,0.15,theta,784,0.750828,0.747348,0.535569
76,0.15,theta,785,-0.154087,0.251232,0.496337
76,0.15,theta,786,-0.591227,-0.243574,0.573516
76,0.15,theta,787,0.006527,-0.72218,0.501913
76,0.15,theta,788,1.038649,0.702884,0.563514
76,0.15,theta,789,0.046674,0.098914,0.52361
76,0.15,theta,790,-0.521661,0.071783,0.568836
76,0.15,theta,791,0.791904,0.184275,0.475801
76,0.15,theta,792,-0.990532,0.801541,0.538507
76,0.15,theta,793,0.429436,0.814524,0.588175
76,0.15,theta,794,-1.877093,-1.43293,0.542597
76,0.15,theta,795,0.104255,0.700498,0.539236
76,0.15,theta,796,-1.091213,-0.338044,0.507128
76,0.15,theta,797,0.132201,-0.437486,0.57188
76,0.15,theta,798,-0.549896,0.315548,0.523967
76,0.15,theta,799,-1.200782,-1.40979,0.525267
76,0.15,theta,800,0.579268,0.411505,0.558101
76,0.15,theta,801,-0.426956,-0.91293,0.478722
76,0.15,theta,802,0.69502,0.917916,0.541222
76,0.15,theta,803,0.301353,0.287694,0.546773
76,0.15,theta,804,-0.717196,-0.878451,0.517349
76,0.15,theta,805,0.154604,0.092735,0.566084
76,0.15,theta,806,0.23721,0.213307,0.551165
76,0.15,theta,807,0.605832,1.30119,0.564833
76,0.15,theta,808,1.488462,1.370535,0.586827
76,0.15,theta,809,0.53337,0.564993,0.522996
76,0.15,theta,810,0.499634,-0.003368,0.572462
76,0.15,theta,811,0.082897,0.199296,0.548907
76,0.15,theta,812,1.396619,0.84736,0.557135
76,0.15,theta,813,0.048724,-0.305062,0.514188
76,0.15,theta,814,0.076315,0.737524,0.561039
76,0.15,theta,815,1.389757,1.9195,0.59481
76,0.15,theta,816,1.75881,1.429095,0.599817
76,0.15,theta,817,-0.360242,0.12754,0.525591
76,0.15,theta,818,0.357321,0.528633,0.574105
76,0.15,theta,819,-0.016024,0.323804,0.504741
76,0.15,theta,820,-1.199446,-0.14981,0.504179
76,0.15,theta,821,-0.23208,-0.000937,0.530327
76,0.15,theta,822,0.854179,0.382144,0.530104
76,0.15,theta,823,0.948415,1.18899,0.551012
76,0.15,theta,824,-0.819041,-0.499714,0.51605
76,0.15,theta,825,-0.600499,-0.12362,0.484487
76,0.15,theta,826,0.065145,0.161011,0.525287
76,0.15,theta,827,-1.184679,-1.16564,0.492967
76,0.15,theta,828,-0.837016,-1.061885,0.493146
76,0.15,theta,829,-1.200642,-1.156395,0.533314
76,0.15,theta,830,0.778676,0.678076,0.553527
76,0.15,theta,831,0.560336,-0.029608,0.535527
76,0.15,theta,832,1.364716,0.935517,0.559446
76,0.15,theta,833,-0.063128,-0.104232,0.554918
76,0.15,theta,834,0.865402,0.781978,0.538044
76,0.15,theta,835,-0.286818,0.051777,0.509692
76,0.15,theta,836,0.161133,-0.722171,0.538121
76,0.15,theta,837,-0.338403,-0.810764,0.505002
76,0.15,theta,838,-0.107718,-0.46125,0.521166
76,0.15,theta,839,0.949624,1.3367,0.605229
76,0.15,theta,840,0.253301,0.116038,0.538517
76,0.15,theta,841,1.956493,2.04096,0.598386
76,0.15,theta,842,0.02218,-0.543284,0.563037
76,0.15,theta,843,-0.595509,0.687787,0.547012
76,0.15,theta,844,1.273977,1.180335,0.56251
76,0.15,theta,845,0.620663,-0.044783,0.515926
76,0.15,theta,846,0.241701,0.348868,0.524795
76,0.15,theta,847,-0.174096,-0.057592,0.524129
76,0.15,theta,848,-0.343432,-0.56438,0.472389
76,0.15,theta,849,-1.56451,-1.407745,0.485196
76,0.15,theta,850,-0.16356,-0.040103,0.513287
76,0.15,theta,851,-0.747858,-0.963394,0.497091
76,0.15,theta,852,0.239061,-0.451168,0.507319
76,0.15,theta,853,0.501737,-0.239888,0.529456
76,0.15,theta,854,-0.188093,-0.5378,0.540823
76,0.15,theta,855,1.415738,1.209075,0.582927
76,0.15,theta,856,-2.763277,-2.146195,0.522715
76,0.15,theta,857,-1.275772,-0.859478,0.539475
76,0.15,theta,858,-0.930443,-0.060461,0.485075
76,0.15,theta,859,0.383521,0.64178,0.559305
76,0.15,theta,860,-1.33237,-0.810857,0.564688
76,0.15,theta,861,-0.923125,-0.52594,0.52446
76,0.15,theta,862,-0.738259,-1.334775,0.490753
76,0.15,theta,863,-1.107049,-0.630948,0.462777
76,0.15,theta,864,-0.736268,-0.204786,0.512453
76,0.15,theta,865,-0.630646,-0.289474,0.494346
76,0.15,theta,866,0.283944,0.482394,0.486422
76,0.15,theta,867,-0.167202,-0.772619,0.495028
76,0.15,theta,868,0.090727,-0.456916,0.504786
76,0.15,theta,869,0.689902,0.731882,0.53738
76,0.15,theta,870,-0.517672,-0.933228,0.52517
76,0.15,theta,871,-0.701499,-1.49346,0.52644
76,0.15,theta,872,1.166982,0.4854,0.545638
76,0.15,theta,873,0.127678,0.339426,0.544741
76,0.15,theta,874,-1.058264,-1.45708,0.497229
76,0.15,theta,875,1.775223,0.898398,0.557398
76,0.15,theta,876,0.861664,0.767641,0.545789
76,0.15,theta,877,1.604403,1.21187,0.585948
76,0.15,theta,878,-0.360784,0.433592,0.565277
76,0.15,theta,879,1.780337,1.13856,0.570494
76,0.15,theta,880,0.876801,1.565425,0.58926
76,0.15,theta,881,1.004684,0.995535,0.553322
76,0.15,theta,882,-0.01556,0.176088,0.526235
76,0.15,theta,883,-0.411593,0.072129,0.512145
76,0.15,theta,884,-1.995985,-1.03919,0.51158
76,0.15,theta,885,0.32215,-0.518379,0.50474
76,0.15,theta,886,-1.003937,-1.181215,0.512717
76,0.15,theta,887,0.417664,0.429271,0.557624
76,0.15,theta,888,0.804605,0.932096,0.570282
76,0.15,theta,889,-1.621812,-1.71501,0.509285
76,0.15,theta,890,0.043755,0.475178,0.520329
76,0.15,theta,891,-0.794264,-0.508403,0.534347
76,0.15,theta,892,-1.136877,-0.250399,0.544473
76,0.15,theta,893,-0.05969,0.076798,0.511148
76,0.15,theta,894,-0.420145,-0.598093,0.529403
76,0.15,theta,895,-1.302197,0.393152,0.526585
76,0.15,theta,896,-0.39956,-0.643171,0.5081
76,0.15,theta,897,0.050169,-0.096413,0.512929
76,0.15,theta,898,1.238011,0.915826,0.573883
76,0.15,theta,899,1.389663,-0.107679,0.496407
76,0.15,theta,900,-0.078652,0.63761,0.517368
76,0.15,theta,901,0.536703,-0.273212,0.547229
76,0.15,theta,902,-0.832426,-1.61185,0.509068
76,0.15,theta,903,0.569762,0.123303,0.483032
76,0.15,theta,904,-0.611732,-0.366862,0.53959
76,0.15,theta,905,-0.593417,-0.905508,0.470773
76,0.15,theta,906,-0.946279,-0.273362,0.511165
76,0.15,theta,907,0.996771,-0.029977,0.568089
76,0.15,theta,908,-1.611783,-1.251,0.526697
76,0.15,theta,909,0.864436,0.050526,0.538588
76,0.15,theta,910,0.835076,0.936693,0.521545
76,0.15,theta,911,-2.016261,-1.09923,0.536642
76,0.15,theta,912,-0.553763,-0.30105,0.533337
76,0.15,theta,913,-0.80784,-0.481552,0.478439
76,0.15,theta,914,-2.209363,-0.250055,0.507089
76,0.15,theta,915,2.349281,1.026085,0.568368
76,0.15,theta,916,0.945435,0.855016,0.575116
76,0.15,theta,917,1.087888,0.530753,0.554552
76,0.15,theta,918,-0.019408,-0.569944,0.485796
76,0.15,theta,919,0.719472,1.37848,0.591539
76,0.15,theta,920,1.959132,1.271855,0.584963
76,0.15,theta,921,-1.536602,-0.077387,0.517382
76,0.15,theta,922,0.853963,0.763424,0.567814
76,0.15,theta,923,0.105861,0.396708,0.491294
76,0.15,theta,924,0.758732,0.547522,0.549687
76,0.15,theta,925,1.684021,0.557328,0.542071
76,0.15,theta,926,-0.324135,-0.206572,0.5268
76,0.15,theta,927,-0.280155,-0.83853,0.47801
76,0.15,theta,928,-0.446261,-0.273216,0.52284
76,0.15,theta,929,-0.369067,-0.061506,0.549048
76,0.15,theta,930,0.480555,-0.091801,0.542636
76,0.15,theta,931,-0.599376,-1.38482,0.484252
76,0.15,theta,932,-0.919835,-0.212539,0.539104
76,0.15,theta,933,0.131958,0.150857,0.515497
76,0.15,theta,934,-1.176304,-1.425745,0.499646
76,0.15,theta,935,0.187312,-0.473702,0.497002
76,0.15,theta,936,-0.042672,-0.710538,0.470725
76,0.15,theta,937,-0.843486,-0.872909,0.536195
76,0.15,theta,938,-2.191223,-1.173825,0.516166
76,0.15,theta,939,0.269237,1.365685,0.57074
76,0.15,theta,940,-0.102998,-0.502664,0.519299
76,0.15,theta,941,1.454492,1.646615,0.599916
76,0.15,theta,942,-0.847727,-0.690247,0.486131
76,0.15,theta,943,2.943773,1.057585,0.555215
76,0.15,theta,944,0.196616,0.351858,0.514959
76,0.15,theta,945,-0.503283,-0.474958,0.494406
76,0.15,theta,946,-0.723948,-1.083105,0.47674
76,0.15,theta,947,0.545049,0.73161,0.55377
76,0.15,theta,948,-1.544328,-0.97037,0.523051
76,0.15,theta,949,-0.076759,-0.127998,0.518774
76,0.15,theta,950,-0.871115,-0.099826,0.507643
76,0.15,theta,951,2.197168,1.10196,0.574275
76,0.15,theta,952,1.257305,1.186855,0.561834
76,0.15,theta,953,1.500698,1.515575,0.605286
76,0.15,theta,954,-1.134275,-0.329981,0.520999
76,0.15,theta,955,-1.53262,-1.048345,0.50371
76,0.15,theta,956,2.145592,1.445625,0.566637
76,0.15,theta,957,1.26594,0.988515,0.577919
76,0.15,theta,958,1.243346,0.931295,0.562148
76,0.15,theta,959,-0.917999,-0.093232,0.552517
76,0.15,theta,960,1.224277,1.33829,0.569308
76,0.15,theta,961,0.821812,0.322353,0.53159
76,0.15,theta,962,1.002031,1.37243,0.572485
76,0.15,theta,963,-0.872669,-1.276105,0.503618
76,0.15,theta,964,-0.580016,-0.22506,0.530958
76,0.15,theta,965,-0.654742,-0.404788,0.515536
76,0.15,theta,966,-1.083241,-0.121259,0.530592
76,0.15,theta,967,-1.6794,-1.303935,0.520942
76,0.15,theta,968,0.70856,1.91043,0.608562
76,0.15,theta,969,-0.328376,-0.458472,0.513298
76,0.15,theta,970,-0.282721,-0.620421,0.416531
76,0.15,theta,971,0.005306,0.313836,0.537165
76,0.15,theta,972,-0.324342,-0.890854,0.497813
76,0.15,theta,973,-0.057861,0.04294,0.552726
76,0.15,theta,974,1.387774,1.017395,0.56906
76,0.15,theta,975,1.391474,0.124294,0.502086
76,0.15,theta,976,-0.377231,-0.574726,0.509559
76,0.15,theta,977,0.394167,-0.026112,0.514216
76,0.15,theta,978,1.434437,1.24297,0.554939
76,0.15,theta,979,-2.067569,-1.610315,0.54347
76,0.15,theta,980,-0.439668,-0.386702,0.536064
76,0.15,theta,981,-0.462151,0.338379,0.512593
76,0.15,theta,982,-0.673957,0.022793,0.518344
76,0.15,theta,983,-0.052387,0.140032,0.537133
76,0.15,theta,984,-0.241467,-1.704085,0.545159
76,0.15,theta,985,0.06653,0.093135,0.55536
76,0.15,theta,986,-2.075216,-1.42512,0.506468
76,0.15,theta,987,-0.505992,0.108026,0.529124
76,0.15,theta,988,1.614031,1.730945,0.606727
76,0.15,theta,989,-1.837766,-1.399575,0.522329
76,0.15,theta,990,1.606169,1.420305,0.575124
76,0.15,theta,991,-2.254688,-1.60512,0.497383
76,0.15,theta,992,0.20515,0.702357,0.524679
76,0.15,theta,993,0.888137,0.85191,0.551713
76,0.15,theta,994,-0.352924,-0.061049,0.524763
76,0.15,theta,995,1.398401,1.031575,0.547324
76,0.15,theta,996,-0.827634,-1.261105,0.517544
76,0.15,theta,997,0.651142,-0.430696,0.518467
76,0.15,theta,998,0.252413,0.517326,0.520756
76,0.15,theta,999,-0.727423,-1.396735,0.508139
76,0.15,theta,1000,0.966922,0.834854,0.577403
76,0.15,theta,1001,0.413849,0.307176,0.523946
76,0.15,theta,1002,0.445193,0.788108,0.532701
76,0.15,theta,1003,-0.500746,-0.66071,0.50323
76,0.15,theta,1004,0.497611,0.82746,0.536998
76,0.15,theta,1005,0.127675,0.32683,0.528281
76,0.15,theta,1006,-1.03224,-0.927178,0.516715
76,0.15,theta,1007,1.195835,0.77965,0.566346
76,0.15,theta,1008,0.635093,0.716988,0.593593
76,0.15,theta,1009,0.48827,0.278136,0.489025
76,0.15,theta,1010,2.254254,1.831295,0.582094
76,0.15,theta,1011,0.6512,0.458749,0.52411
76,0.15,theta,1012,1.049402,0.599416,0.551914
76,0.15,theta,1013,1.066882,1.222515,0.58671
76,0.15,theta,1014,0.65743,-0.085699,0.537706
76,0.15,theta,1015,-0.741183,-0.637816,0.498573
76,0.15,theta,1016,0.24004,0.372366,0.537098
76,0.15,theta,1017,0.630676,0.887414,0.564748
76,0.15,theta,1018,-0.639572,-0.828405,0.500254
76,0.15,theta,1019,-0.672885,-0.908862,0.554316
76,0.15,theta,1020,-0.404923,-0.325939,0.460029
76,0.15,theta,1021,-2.788467,-2.02402,0.536132
76,0.15,theta,1022,0.901903,0.521667,0.532804
76,0.15,theta,1023,-0.250163,-0.328642,0.477136
76,0.15,theta,1024,0.031757,0.494369,0.548565
76,0.15,theta,1025,1.407142,0.982399,0.556663
76,0.15,theta,1026,-0.515016,-0.488772,0.547995
76,0.15,theta,1027,0.325245,-0.596506,0.514373
76,0.15,theta,1028,-0.332223,0.54164,0.532996
76,0.15,theta,1029,-0.336525,-0.157892,0.565919
76,0.15,theta,1030,-1.084587,-0.97824,0.545654
76,0.15,theta,1031,0.490374,-0.528893,0.502839
76,0.15,theta,1032,-0.3951,-0.383377,0.490615
76,0.15,theta,1033,0.451667,0.137482,0.541696
76,0.15,theta,1034,1.493171,0.99629,0.563515
76,0.15,theta,1035,1.563828,1.722825,0.582592
76,0.15,theta,1036,0.388659,0.519427,0.523112
76,0.15,theta,1037,-0.950729,-0.523923,0.516341
76,0.15,theta,1038,1.18968,0.266023,0.535639
76,0.15,theta,1039,-0.324295,0.151437,0.532591
76,0.15,theta,1040,-1.120719,-0.605698,0.569857
76,0.15,theta,1041,-1.00704,-1.07824,0.480912
76,0.15,theta,1042,0.161225,0.274297,0.527059
76,0.15,theta,1043,0.901436,0.553152,0.559335
76,0.15,theta,1044,0.226003,0.340508,0.545817
76,0.15,theta,1045,-0.067187,-0.599774,0.531439
76,0.15,theta,1046,-0.073078,-0.536966,0.50674
76,0.15,theta,1047,0.055098,0.236306,0.549744
76,0.15,theta,1048,-0.499344,-0.215613,0.531711
76,0.15,theta,1049,-0.127326,-0.792905,0.486812
76,0.15,theta,1050,-1.032115,-1.128515,0.499651
76,0.15,theta,1051,-0.464023,0.041688,0.494002
76,0.15,theta,1052,-0.452351,-0.110112,0.495094
76,0.15,theta,1053,1.549105,1.64595,0.595296
76,0.15,theta,1054,-0.94204,-0.732415,0.464806
76,0.15,theta,1055,0.565468,0.254761,0.515062
76,0.15,theta,1056,-0.387344,0.509583,0.549292
76,0.15,theta,1057,-0.365852,-0.63417,0.536676
76,0.15,theta,1058,0.256544,0.697474,0.531933
76,0.15,theta,1059,-0.023195,0.807542,0.55259
76,0.15,theta,1060,-1.189823,-0.6641,0.528797
76,0.15,theta,1061,-1.211397,-0.281352,0.560397
76,0.15,theta,1062,1.137025,1.17393,0.595229
76,0.15,theta,1063,0.458764,0.265749,0.523622
76,0.15,theta,1064,1.393565,0.905738,0.567768
76,0.15,theta,1065,-0.791377,-0.738214,0.522146
76,0.15,theta,1066,-0.977865,-0.392818,0.512514
76,0.15,theta,1067,1.191573,0.835476,0.555672
76,0.15,theta,1068,-0.34629,-0.087643,0.552134
76,0.15,theta,1069,0.124671,-0.357468,0.523405
76,0.15,theta,1070,-0.134839,-0.363932,0.476664
76,0.15,theta,1071,-1.067124,-0.427521,0.497245
76,0.15,theta,1072,-0.436014,-0.382632,0.4834
76,0.15,theta,1073,-0.544761,0.032448,0.527133
76,0.15,theta,1074,1.756123,1.48627,0.599049
76,0.15,theta,1075,-0.193968,-0.093397,0.495014
76,0.15,theta,1076,-0.281242,-0.177453,0.519285
76,0.15,theta,1077,-0.817046,-0.012058,0.499186
76,0.15,theta,1078,-1.901435,-0.614077,0.486564
76,0.15,theta,1079,-0.95342,-0.30359,0.543073
76,0.15,theta,1080,1.171539,0.864863,0.550225
76,0.15,theta,1081,1.813251,1.28109,0.569353
76,0.15,theta,1082,-0.828407,-0.880351,0.547373
76,0.15,theta,1083,-1.817125,-1.090805,0.50099
76,0.15,theta,1084,0.388233,0.229713,0.528384
76,0.15,theta,1085,-1.197232,-1.34261,0.531283
76,0.15,theta,1086,-0.557931,0.066381,0.51878
76,0.15,theta,1087,0.771566,0.432681,0.54327
76,0.15,theta,1088,-1.597817,-1.16032,0.499342
76,0.15,theta,1089,1.16229,0.899402,0.583779
76,0.15,theta,1090,1.526259,0.92926,0.558595
76,0.15,theta,1091,-1.908378,-1.675535,0.510941
76,0.15,theta,1092,-0.725694,-0.072209,0.510545
76,0.15,theta,1093,-1.691778,-0.081917,0.480055
76,0.15,theta,1094,1.280736,0.931854,0.55016
76,0.15,theta,1095,0.509001,-0.018112,0.515253
76,0.15,theta,1096,0.147267,-0.748942,0.527428
76,0.15,theta,1097,-0.879283,-1.013445,0.458454
76,0.15,theta,1098,-0.712583,-0.715104,0.486563
76,0.15,theta,1099,-0.957788,-0.950918,0.551819
76,0.15,theta,1100,-0.678855,-0.681577,0.519039
76,0.15,theta,1101,0.315046,-0.541761,0.55336
76,0.15,theta,1102,0.711072,0.859374,0.572535
76,0.15,theta,1103,-0.182952,-0.033165,0.501459
76,0.15,theta,1104,0.702545,0.321272,0.547231
76,0.15,theta,1105,0.02333,-0.120768,0.522135
76,0.15,theta,1106,-0.830689,-0.431111,0.541297
76,0.15,theta,1107,1.022494,0.555342,0.548065
76,0.15,theta,1108,-0.421336,-0.79916,0.52815
76,0.15,theta,1109,-2.070069,-1.002875,0.502464
76,0.15,theta,1110,0.377365,0.883866,0.526324
76,0.15,theta,1111,0.066137,0.241106,0.534509
76,0.15,theta,1112,0.31224,0.267296,0.514341
76,0.15,theta,1113,-0.702449,-0.808332,0.503511
76,0.15,theta,1114,0.464994,0.327604,0.527883
76,0.15,theta,1115,0.213201,0.284852,0.544726
76,0.15,theta,1116,1.318486,0.652856,0.546255
76,0.15,theta,1117,-0.477127,-0.377866,0.543404
76,0.15,theta,1118,-0.754252,-2.137975,0.565671
76,0.15,theta,1119,-0.432258,-1.01446,0.484866
76,0.15,theta,1120,-0.315013,-0.405406,0.529333
76,0.15,theta,1121,1.094543,0.998668,0.550834
76,0.15,theta,1122,1.046372,0.801324,0.557837
76,0.15,theta,1123,0.027693,0.504269,0.532771
76,0.15,theta,1124,-0.679974,-0.054782,0.532152
76,0.15,theta,1125,0.913157,0.943086,0.554889
76,0.15,theta,1126,0.854733,0.773234,0.553394
76,0.15,theta,1127,-0.647643,-1.47791,0.512271
76,0.15,theta,1128,-0.301686,-0.820138,0.495344
76,0.15,theta,1129,0.225135,0.638932,0.574247
76,0.15,theta,1130,1.507185,1.54387,0.602288
76,0.15,theta,1131,-0.291607,-0.208444,0.450901
76,0.15,theta,1132,-0.904742,-0.981515,0.508989
76,0.15,theta,1133,-0.445321,-0.465433,0.498445
76,0.15,theta,1134,0.772409,0.232206,0.532833
76,0.15,theta,1135,-0.224403,-0.195582,0.513962
76,0.15,theta,1136,0.213811,0.050193,0.526985
76,0.15,theta,1137,-1.098,-1.82248,0.556838
76,0.15,theta,1138,0.025067,-0.869052,0.490599
76,0.15,theta,1139,1.599505,0.685877,0.546295
76,0.15,theta,1140,0.375699,0.758052,0.531676
76,0.15,theta,1141,-0.56233,-0.401181,0.500616
76,0.15,theta,1142,-0.274361,-0.986998,0.47492
76,0.15,theta,1143,-0.072263,0.103118,0.576377
76,0.15,theta,1144,0.638409,1.091195,0.556057
76,0.15,theta,1145,1.090318,1.15908,0.540404
76,0.15,theta,1146,0.023081,-0.169334,0.481686
76,0.15,theta,1147,-2.043601,-1.919745,0.545192
76,0.15,theta,1148,1.025257,0.989599,0.57697
76,0.15,theta,1149,1.46997,0.637333,0.491271
76,0.15,theta,1150,-0.814027,-1.425625,0.500272
76,0.15,theta,1151,0.21862,0.005314,0.539637
76,0.15,theta,1152,1.544704,1.029685,0.549316
76,0.15,theta,1153,-0.420482,-0.602768,0.477261
76,0.15,theta,1154,-0.310355,-0.005784,0.49733
76,0.15,theta,1155,-0.890213,-1.021195,0.479274
76,0.15,theta,1156,0.235132,0.298715,0.552339
76,0.15,theta,1157,-1.05002,0.230512,0.52199
76,0.15,theta,1158,1.58351,0.223811,0.526794
76,0.15,theta,1159,-0.369628,-0.421988,0.518334
76,0.15,theta,1160,0.598716,1.082685,0.58812
76,0.15,theta,1161,0.830858,0.120675,0.55188
76,0.15,theta,1162,0.077088,-0.4346,0.544399
76,0.15,theta,1163,-0.513113,-1.05537,0.48736
76,0.15,theta,1164,1.72354,1.51253,0.610623
76,0.15,theta,1165,-0.236513,-0.638812,0.542899
76,0.15,theta,1166,-1.226481,-0.948042,0.524318
76,0.15,theta,1167,1.321611,1.037705,0.573852
76,0.15,theta,1168,0.427488,0.621862,0.542234
76,0.15,theta,1169,-0.710149,-0.823884,0.51354
76,0.15,theta,1170,0.225826,-0.234166,0.517175
76,0.15,theta,1171,0.958301,0.79672,0.559197
76,0.15,theta,1172,0.240293,0.160306,0.534026
76,0.15,theta,1173,-0.367245,0.253542,0.507001
76,0.15,theta,1174,1.456198,1.326425,0.565675
76,0.15,theta,1175,-1.434836,-1.03839,0.477342
76,0.15,theta,1176,2.097088,1.35121,0.591335
76,0.15,theta,1177,0.844654,0.659522,0.532933
76,0.15,theta,1178,-0.718557,-1.530185,0.5336
76,0.15,theta,1179,0.865625,-0.055161,0.490893
76,0.15,theta,1180,-0.048087,-0.160117,0.490428
76,0.15,theta,1181,-0.603084,-0.584281,0.53996
76,0.15,theta,1182,0.235475,-0.194791,0.516067
76,0.15,theta,1183,0.02454,-0.209164,0.574806
76,0.15,theta,1184,-2.54267,-1.855165,0.526307
76,0.15,theta,1185,0.958,1.683945,0.603395
76,0.15,theta,1186,0.252037,0.139279,0.547077
76,0.15,theta,1187,-0.818622,0.055003,0.525183
76,0.15,theta,1188,-0.880894,-1.071945,0.515244
76,0.15,theta,1189,1.038463,0.84812,0.563375
76,0.15,theta,1190,1.786364,1.82096,0.600157
76,0.15,theta,1191,-0.039352,0.431989,0.510758
76,0.15,theta,1192,-1.515631,-1.333565,0.477652
76,0.15,theta,1193,0.76964,0.408966,0.547357
76,0.15,theta,1194,0.231481,0.005427,0.514889
76,0.15,theta,1195,0.546898,0.667562,0.552563
76,0.15,theta,1196,-0.473719,-0.637842,0.525126
76,0.15,theta,1197,1.937662,1.29389,0.57676
76,0.15,theta,1198,-0.640713,-0.21923,0.552492
76,0.15,theta,1199,0.289097,0.85799,0.550708
76,0.15,theta,1200,1.976102,1.26985,0.571838
76,0.15,theta,1201,0.05361,-0.083147,0.519006
76,0.15,theta,1202,0.384063,0.634746,0.545864
76,0.15,theta,1203,0.22282,-0.020815,0.56054
76,0.15,theta,1204,0.608691,-0.217444,0.527532
76,0.15,theta,1205,-0.97867,-0.902875,0.490923
76,0.15,theta,1206,0.273452,0.878089,0.558333
76,0.15,theta,1207,-1.984059,-1.22228,0.520198
76,0.15,theta,1208,1.247935,0.269917,0.518311
76,0.15,theta,1209,-0.213882,-0.6283,0.47766
76,0.15,theta,1210,-0.482911,-0.272674,0.545392
76,0.15,theta,1211,0.687815,1.15243,0.56628
76,0.15,theta,1212,0.233123,0.164825,0.506259
76,0.15,theta,1213,-0.663576,-0.785032,0.509811
76,0.15,theta,1214,1.42366,1.652415,0.610251
76,0.15,theta,1215,-2.388267,-1.214615,0.506753
76,0.15,theta,1216,-0.964918,-0.481642,0.512873
76,0.15,theta,1217,0.527505,-0.210386,0.522242
76,0.15,theta,1218,1.63907,0.820464,0.569097
76,0.15,theta,1219,-0.545712,-0.926153,0.5145
76,0.15,theta,1220,-2.352666,-1.845325,0.523955
76,0.15,theta,1221,0.817363,0.336284,0.561638
76,0.15,theta,1222,0.935448,1.25637,0.556429
76,0.15,theta,1223,-0.538043,-0.923423,0.503201
76,0.15,theta,1224,-2.134853,-1.57971,0.526776
76,0.15,theta,1225,0.708117,0.341216,0.50592
76,0.15,theta,1226,-0.098009,-0.729862,0.556805
76,0.15,theta,1227,-0.640353,-0.380721,0.559878
76,0.15,theta,1228,-0.717709,-0.868842,0.507866
76,0.15,theta,1229,0.180952,-0.22218,0.500122
76,0.15,theta,1230,-1.401806,-0.850926,0.533231
76,0.15,theta,1231,1.719063,0.691904,0.562443
76,0.15,theta,1232,-1.269635,-1.17325,0.479352
76,0.15,theta,1233,1.120592,1.317615,0.550711
76,0.15,theta,1234,-1.606081,-1.070195,0.538608
76,0.15,theta,1235,-1.650098,-1.0653,0.513866
76,0.15,theta,1236,0.164568,0.550546,0.562811
76,0.15,theta,1237,-0.297881,0.024796,0.541598
76,0.15,theta,1238,-1.854948,-1.298635,0.482812
76,0.15,theta,1239,-0.375803,0.445219,0.556043
76,0.15,theta,1240,0.007975,-0.002449,0.493461
76,0.15,theta,1241,0.980073,0.010538,0.513702
76,0.15,theta,1242,-1.176585,-0.736196,0.468298
76,0.15,theta,1243,0.541948,0.072268,0.519939
76,0.15,theta,1244,1.153914,0.773898,0.546843
76,0.15,theta,1245,0.078768,0.037788,0.514982
76,0.15,theta,1246,-0.128907,0.496612,0.534329
76,0.15,theta,1247,0.809343,0.821212,0.564596
76,0.15,theta,1248,0.090839,0.764615,0.541632
76,0.15,theta,1249,-0.475468,-0.395136,0.508424
76,0.15,theta,1250,0.583014,0.606418,0.552086
76,0.15,theta,1251,0.795385,0.379738,0.552987
76,0.15,theta,1252,-1.27025,-0.857238,0.444318
76,0.15,theta,1253,-0.470953,-0.402037,0.550856
76,0.15,theta,1254,2.076189,0.981534,0.567443
76,0.15,theta,1255,-0.177664,0.119493,0.491847
76,0.15,theta,1256,-1.065677,-0.290833,0.493316
76,0.15,theta,1257,0.228449,-0.147404,0.538422
76,0.15,theta,1258,-1.011733,-0.193568,0.527518
76,0.15,theta,1259,0.45392,-0.489456,0.531455
76,0.15,theta,1260,-0.153702,-0.41676,0.523101
76,0.15,theta,1261,-0.766159,-0.769746,0.527521
76,0.15,theta,1262,0.355348,0.943879,0.561728
76,0.15,theta,1263,-2.596994,-2.46864,0.540772
76,0.15,theta,1264,0.083078,0.250944,0.507994
76,0.15,theta,1265,0.89168,0.1256,0.495404
76,0.15,theta,1266,-0.275849,0.169525,0.512008
76,0.15,theta,1267,-1.697483,-1.19918,0.49639
76,0.15,theta,1268,-0.608299,-1.09087,0.466747
76,0.15,theta,1269,-0.296957,-0.145408,0.550101
76,0.15,theta,1270,0.538214,0.618731,0.538634
76,0.15,theta,1271,-0.817038,-0.671324,0.51925
76,0.15,theta,1272,0.919515,0.270654,0.560443
76,0.15,theta,1273,1.649717,1.146615,0.573446
76,0.15,theta,1274,-3.035107,-2.106855,0.541477
76,0.15,theta,1275,0.27853,0.69746,0.532592
76,0.15,theta,1276,0.469422,0.515276,0.52359
76,0.15,theta,1277,0.02029,-0.403024,0.479114
76,0.15,theta,1278,-0.105241,-0.533184,0.522731
76,0.15,theta,1279,-0.793585,-0.548517,0.464497
76,0.15,theta,1280,-1.050519,-1.13941,0.521214
76,0.15,theta,1281,-1.18624,0.040359,0.497953
76,0.15,theta,1282,-0.666505,-0.919882,0.483125
76,0.15,theta,1283,-1.21816,-1.135305,0.529462
76,0.15,theta,1284,0.748372,0.783392,0.564393
76,0.15,theta,1285,-2.134461,-1.14391,0.489532
76,0.15,theta,1286,-0.581376,-1.17851,0.492419
76,0.15,theta,1287,-1.264736,-0.816061,0.513003
76,0.15,theta,1288,-1.267923,-1.15332,0.497488
76,0.15,theta,1289,0.208976,0.525898,0.558014
76,0.15,theta,1290,-0.436818,-0.394252,0.516475
76,0.15,theta,1291,0.094831,-0.301079,0.518688
76,0.15,theta,1292,1.256595,1.25286,0.580591
76,0.15,theta,1293,-1.348842,-0.828394,0.5269
76,0.15,theta,1294,-0.87659,-0.902766,0.518145
76,0.15,theta,1295,-0.786268,-0.338441,0.536829
76,0.15,theta,1296,-0.449974,-0.701118,0.502391
76,0.15,theta,1297,0.173402,-0.039449,0.495178
76,0.15,theta,1298,-0.652606,-0.29203,0.537549
76,0.15,theta,1299,0.409989,0.64132,0.524418
76,0.15,theta,1300,1.094688,0.497182,0.542086
76,0.15,theta,1301,0.807719,0.293548,0.507886
76,0.15,theta,1302,-0.168949,0.223838,0.536346
76,0.15,theta,1303,-0.122617,-0.475009,0.513979
76,0.15,theta,1304,1.222346,0.390448,0.512545
76,0.15,theta,1305,-0.091366,-0.492056,0.527048
76,0.15,theta,1306,0.668512,-0.003945,0.503037
76,0.15,theta,1307,-0.024967,0.283546,0.505066
76,0.15,theta,1308,-1.245223,-1.309975,0.505268
76,0.15,theta,1309,1.287616,1.235125,0.592952
76,0.15,theta,1310,0.243403,0.800047,0.554361
76,0.15,theta,1311,1.19313,0.57178,0.525012
76,0.15,theta,1312,1.017256,0.622156,0.524712
76,0.15,theta,1313,1.114845,1.33021,0.555699
76,0.15,theta,1314,-0.466221,-0.400923,0.497495
76,0.15,theta,1315,1.085473,0.191074,0.52086
76,0.15,theta,1316,0.320227,0.840573,0.556005
76,0.15,theta,1317,-0.362483,-0.524316,0.51653
76,0.15,theta,1318,1.4137,1.612135,0.595821
76,0.15,theta,1319,-0.790604,-1.080105,0.529812
76,0.15,theta,1320,-0.800605,-0.33423,0.538432
76,0.15,theta,1321,1.966748,1.264025,0.576929
76,0.15,theta,1322,1.380515,1.31503,0.571235
76,0.15,theta,1323,-0.051689,-0.935036,0.527285
76,0.15,theta,1324,-0.188884,-0.338191,0.529077
76,0.15,theta,1325,-0.154037,-0.771758,0.508505
76,0.15,theta,1326,0.034652,-0.553742,0.48088
76,0.15,theta,1327,1.597717,0.808394,0.560835
76,0.15,theta,1328,-0.452873,-0.295033,0.535822
76,0.15,theta,1329,1.586461,2.1,0.619617
76,0.15,theta,1330,3.044636,0.870258,0.530899
76,0.15,theta,1331,2.039228,1.415965,0.586312
76,0.15,theta,1332,1.23998,1.190205,0.571553
76,0.15,theta,1333,0.212289,-0.948686,0.486873
76,0.15,theta,1334,-1.011756,-1.122915,0.446867
76,0.15,theta,1335,-1.008812,-1.48644,0.522634
76,0.15,theta,1336,0.141278,0.05092,0.543177
76,0.15,theta,1337,-0.143579,0.002556,0.550603
76,0.15,theta,1338,0.460946,0.425871,0.548385
76,0.15,theta,1339,0.370566,-0.42589,0.536218
76,0.15,theta,1340,0.295703,0.39553,0.592747
76,0.15,theta,1341,0.238587,0.076299,0.5198
76,0.15,theta,1342,-1.559055,-1.59482,0.51775
76,0.15,theta,1343,0.153256,-0.452647,0.53087
76,0.15,theta,1344,-1.077215,-1.258165,0.54442
76,0.15,theta,1345,-0.024873,-0.448447,0.505783
76,0.15,theta,1346,-0.869425,-1.07267,0.497261
76,0.15,theta,1347,0.157469,0.242996,0.507101
76,0.15,theta,1348,-0.729236,-0.558164,0.512243
76,0.15,theta,1349,0.597021,0.407326,0.521108
76,0.15,theta,1350,-1.146587,-0.591529,0.489665
76,0.15,theta,1351,1.278362,0.70327,0.530334
76,0.15,theta,1352,1.69848,1.47119,0.569334
76,0.15,theta,1353,-0.961789,-1.34883,0.509361
76,0.15,theta,1354,1.594973,1.233245,0.583793
76,0.15,theta,1355,-0.62498,-0.500068,0.541512
76,0.15,theta,1356,-0.851678,-1.16068,0.497385
76,0.15,theta,1357,0.066294,0.381098,0.561407
76,0.15,theta,1358,0.063278,-0.216172,0.537268
76,0.15,theta,1359,0.175269,-0.587702,0.530074
76,0.15,theta,1360,2.056562,1.41735,0.58195
76,0.15,theta,1361,-0.61207,-0.544103,0.546588
76,0.15,theta,1362,1.195265,0.598367,0.529765
76,0.15,theta,1363,-1.85633,-1.5487,0.510487
76,0.15,theta,1364,0.891885,-0.331283,0.509922
76,0.15,theta,1365,-0.782105,-1.037985,0.48623
76,0.15,theta,1366,0.562672,-0.47077,0.537855
76,0.15,theta,1367,1.157955,0.333664,0.519181
76,0.15,theta,1368,0.224174,0.152552,0.519677
76,0.15,theta,1369,0.705817,-0.226461,0.494273
76,0.15,theta,1370,0.490303,1.075695,0.542062
76,0.15,theta,1371,-0.549013,-0.090489,0.532934
76,0.15,theta,1372,1.502858,1.310485,0.569352
76,0.15,theta,1373,1.873109,1.292575,0.590763
76,0.15,theta,1374,0.697227,-0.288487,0.498424
76,0.15,theta,1375,0.200545,0.357502,0.540537
76,0.15,theta,1376,-1.713645,-1.64361,0.557103
76,0.15,theta,1377,0.708442,0.32889,0.536761
76,0.15,theta,1378,0.828166,0.206832,0.528397
76,0.15,theta,1379,-0.217952,-0.702034,0.491184
76,0.15,theta,1380,-0.56383,-0.014158,0.574561
76,0.15,theta,1381,-1.812886,-1.369405,0.52331
76,0.15,theta,1382,-0.158038,-0.716885,0.529606
76,0.15,theta,1383,0.929375,0.125431,0.534288
76,0.15,theta,1384,1.390718,0.846058,0.526172
76,0.15,theta,1385,-1.156758,-0.869722,0.511236
76,0.15,theta,1386,-0.877593,-0.121534,0.486129
76,0.15,theta,1387,-1.258144,-0.720384,0.506605
76,0.15,theta,1388,-0.743908,-0.951284,0.517304
76,0.15,theta,1389,-0.081129,0.110963,0.494504
76,0.15,theta,1390,-0.900763,-1.02459,0.484492
76,0.15,theta,1391,0.202624,0.781626,0.54955
76,0.15,theta,1392,-0.21966,0.86836,0.547168
76,0.15,theta,1393,1.181393,0.636684,0.562743
76,0.15,theta,1394,-0.466935,-0.139877,0.505929
76,0.15,theta,1395,0.311902,0.971429,0.558118
76,0.15,theta,1396,-0.764485,-1.28675,0.503265
76,0.15,theta,1397,1.065017,0.909985,0.592126
76,0.15,theta,1398,0.650205,0.953403,0.547318
76,0.15,theta,1399,-1.405384,-0.739866,0.502458
76,0.15,theta,1400,-0.487004,-0.189084,0.537128
76,0.15,theta,1401,0.72798,0.403472,0.519577
76,0.15,theta,1402,-1.099312,0.481042,0.527342
76,0.15,theta,1403,-0.448918,-0.292548,0.478093
76,0.15,theta,1404,-0.685255,0.39892,0.535325
76,0.15,theta,1405,0.74253,0.701712,0.529758
76,0.15,theta,1406,1.686841,1.240485,0.563797
76,0.15,theta,1407,-1.019724,-1.095325,0.517153
76,0.15,theta,1408,-0.736455,-0.795636,0.511364
76,0.15,theta,1409,1.272665,1.14247,0.596753
76,0.15,theta,1410,0.05483,0.612903,0.557294
76,0.15,theta,1411,0.738701,1.24094,0.583972
76,0.15,theta,1412,1.023516,0.924822,0.590963
76,0.15,theta,1413,-0.360491,0.087728,0.504697
76,0.15,theta,1414,0.300347,-0.093244,0.502041
76,0.15,theta,1415,1.380587,0.76037,0.533401
76,0.15,theta,1416,0.736688,1.27288,0.576637
76,0.15,theta,1417,0.390796,0.149664,0.551624
76,0.15,theta,1418,-0.002892,-0.585149,0.4792
76,0.15,theta,1419,0.309917,1.022275,0.540753
76,0.15,theta,1420,-3.677838,-1.631845,0.506341
76,0.15,theta,1421,-0.599577,-0.880667,0.496024
76,0.15,theta,1422,1.544235,1.19152,0.569105
76,0.15,theta,1423,0.993621,0.480024,0.571044
76,0.15,theta,1424,-0.872077,-0.774464,0.512435
76,0.15,theta,1425,-1.735312,-0.712819,0.516995
76,0.15,theta,1426,-0.203853,-0.797328,0.509501
76,0.15,theta,1427,0.563,0.038595,0.531405
76,0.15,theta,1428,-0.381936,-0.925871,0.526489
76,0.15,theta,1429,-0.696946,-0.222909,0.534263
76,0.15,theta,1430,1.432115,1.63157,0.566662
76,0.15,theta,1431,0.721899,0.55936,0.52944
76,0.15,theta,1432,-1.087871,-0.92367,0.502771
76,0.15,theta,1433,0.342828,0.705634,0.541023
76,0.15,theta,1434,0.644803,0.851108,0.551225
76,0.15,theta,1435,-1.048761,-0.82848,0.536289
76,0.15,theta,1436,0.452029,0.57282,0.529039
76,0.15,theta,1437,-0.581157,-0.942134,0.508933
76,0.15,theta,1438,0.763475,0.205944,0.565371
76,0.15,theta,1439,-0.619268,-0.450768,0.513175
76,0.15,theta,1440,-0.738088,-0.177349,0.524365
76,0.15,theta,1441,-0.500173,-0.195037,0.520381
76,0.15,theta,1442,0.463463,0.452592,0.514842
76,0.15,theta,1443,0.146523,0.089014,0.524037
76,0.15,theta,1444,-0.803677,-0.90172,0.50677
76,0.15,theta,1445,0.464613,0.19429,0.522197
76,0.15,theta,1446,-1.290692,-1.57794,0.520741
76,0.15,theta,1447,-0.9104,-0.766569,0.494108
76,0.15,theta,1448,-0.286675,-0.772158,0.514715
76,0.15,theta,1449,0.407439,0.987236,0.536961
76,0.15,theta,1450,-0.176512,-0.356716,0.543863
76,0.15,theta,1451,-0.677299,-0.197138,0.501114
76,0.15,theta,1452,0.62149,-0.407149,0.493364
76,0.15,theta,1453,-1.672196,-1.78761,0.556137
76,0.15,theta,1454,-2.044722,-1.86416,0.540467
76,0.15,theta,1455,-1.140782,-0.515894,0.539342
76,0.15,theta,1456,-1.210371,-0.766968,0.490123
76,0.15,theta,1457,0.225434,0.245482,0.522974
76,0.15,theta,1458,-0.123373,0.14734,0.521755
76,0.15,theta,1459,0.403897,0.73774,0.570981
76,0.15,theta,1460,-0.351314,-0.501089,0.511818
76,0.15,theta,1461,-0.169068,-0.199889,0.536601
76,0.15,theta,1462,-0.184711,-0.586638,0.468199
76,0.15,theta,1463,-0.320763,-0.165286,0.513807
76,0.15,theta,1464,0.072043,0.264776,0.504778
76,0.15,theta,1465,-1.070387,-0.591466,0.506746
76,0.15,theta,1466,-0.806109,-0.342981,0.511978
76,0.15,theta,1467,-0.628545,-1.443765,0.516061
76,0.15,theta,1468,-1.658859,-1.31034,0.524118
76,0.15,theta,1469,-0.293207,-0.205576,0.502025
76,0.15,theta,1470,0.368619,0.229608,0.551617
76,0.15,theta,1471,-1.801725,-0.9889,0.509023
76,0.15,theta,1472,0.295751,0.160291,0.539474
76,0.15,theta,1473,0.195225,0.595719,0.566691
76,0.15,theta,1474,0.456943,0.483996,0.544085
76,0.15,theta,1475,0.233167,-0.089478,0.496272
76,0.15,theta,1476,-1.307959,-1.852525,0.534024
76,0.15,theta,1477,0.488015,0.935798,0.558758
76,0.15,theta,1478,-1.3267,-0.569048,0.512327
76,0.15,theta,1479,0.289899,0.811881,0.596569
76,0.15,theta,1480,-1.572657,-1.14432,0.524417
76,0.15,theta,1481,-0.391683,0.414204,0.53781
76,0.15,theta,1482,1.147074,0.300146,0.588332
76,0.15,theta,1483,-0.657212,-0.535278,0.5304
76,0.15,theta,1484,0.754118,-0.094361,0.479887
76,0.15,theta,1485,0.410963,0.359104,0.522751
76,0.15,theta,1486,1.04537,0.713574,0.55112
76,0.15,theta,1487,0.636121,0.417736,0.501248
76,0.15,theta,1488,1.118854,0.954444,0.569161
76,0.15,theta,1489,1.311998,1.010405,0.584658
76,0.15,theta,1490,0.524586,0.285838,0.552508
76,0.15,theta,1491,0.410363,0.82989,0.555436
76,0.15,theta,1492,1.746972,1.053675,0.577767
76,0.15,theta,1493,0.154125,0.074469,0.552438
76,0.15,theta,1494,1.011292,1.05359,0.544867
76,0.15,theta,1495,0.045674,-0.698744,0.527004
76,0.15,theta,1496,1.358265,0.882204,0.568671
76,0.15,theta,1497,-0.356242,-0.499541,0.487196
76,0.15,theta,1498,0.101412,-0.600037,0.53182
76,0.15,theta,1499,-1.184654,-1.12296,0.543662
76,0.15,theta,1500,-0.8094,-0.4092,0.453962
76,0.15,beta,1,-3.082719,-2.776815,0.307692
76,0.15,beta,2,-2.823006,-2.69725,0.266963
76,0.15,beta,3,-2.74396,-2.5239,0.276305
76,0.15,beta,4,-2.315868,-2.44498,0.256169
76,0.15,beta,5,-2.290602,-2.046485,0.233473
76,0.15,beta,6,-1.996118,-2.181215,0.222358
76,0.15,beta,7,-1.767213,-1.712185,0.21929
76,0.15,beta,8,-1.689286,-2.08981,0.224306
76,0.15,beta,9,-1.657553,-1.95831,0.226532
76,0.15,beta,10,-1.619014,-1.85527,0.20813
76,0.15,beta,11,-1.534956,-1.678715,0.205643
76,0.15,beta,12,-1.427589,-1.60509,0.211958
76,0.15,beta,13,-1.412881,-1.38154,0.243516
76,0.15,beta,14,-1.389555,-1.77441,0.213957
76,0.15,beta,15,-1.359954,-1.705735,0.210395
76,0.15,beta,16,-1.299844,-1.339845,0.179958
76,0.15,beta,17,-1.216457,-1.954735,0.234694
76,0.15,beta,18,-1.205668,-1.22878,0.182475
76,0.15,beta,19,-1.125014,-1.487165,0.192637
76,0.15,beta,20,-1.11969,-1.545875,0.194742
76,0.15,beta,21,-1.034421,-1.446115,0.193301
76,0.15,beta,22,-1.026199,-1.490345,0.222467
76,0.15,beta,23,-0.970198,-1.16797,0.195192
76,0.15,beta,24,-0.954175,-1.253805,0.191181
76,0.15,beta,25,-0.935792,-1.375015,0.181044
76,0.15,beta,26,-0.907814,-1.792625,0.21898
76,0.15,beta,27,-0.816239,-0.984702,0.168512
76,0.15,beta,28,-0.749378,-0.929353,0.171539
76,0.15,beta,29,-0.704972,-0.936779,0.181022
76,0.15,beta,30,-0.662488,-0.887882,0.161365
76,0.15,beta,31,-0.650201,-1.169665,0.191723
76,0.15,beta,32,-0.643661,-1.241715,0.178372
76,0.15,beta,33,-0.629877,-1.14321,0.161329
76,0.15,beta,34,-0.568933,-0.985484,0.168788
76,0.15,beta,35,-0.522985,-1.06271,0.206937
76,0.15,beta,36,-0.512498,-0.760765,0.175043
76,0.15,beta,37,-0.41957,-0.923274,0.168074
76,0.15,beta,38,-0.407307,-0.924011,0.153364
76,0.15,beta,39,-0.395901,-0.824488,0.171758
76,0.15,beta,40,-0.370286,-1.033,0.176509
76,0.15,beta,41,-0.366262,-0.724518,0.170635
76,0.15,beta,42,-0.304836,-0.864978,0.157831
76,0.15,beta,43,-0.292435,-0.500371,0.154408
76,0.15,beta,44,-0.246129,-0.855499,0.16888
76,0.15,beta,45,-0.239117,-0.895923,0.164138
76,0.15,beta,46,-0.194457,-0.705308,0.148819
76,0.15,beta,47,-0.184504,-0.641539,0.15762
76,0.15,beta,48,-0.181871,-0.430026,0.1457
76,0.15,beta,49,-0.17342,-0.750518,0.145037
76,0.15,beta,50,-0.158245,-0.477108,0.162927
76,0.15,beta,51,-0.12682,-0.616135,0.156063
76,0.15,beta,52,-0.103615,-0.534232,0.154647
76,0.15,beta,53,-0.102515,-0.455645,0.169632
76,0.15,beta,54,-0.064542,-0.58145,0.165869
76,0.15,beta,55,-0.059861,-0.71904,0.165934
76,0.15,beta,56,-0.044569,-0.653297,0.161517
76,0.15,beta,57,-0.021267,-0.709402,0.161942
76,0.15,beta,58,-0.013702,-0.582985,0.145141
76,0.15,beta,59,-0.007206,-0.356,0.146738
76,0.15,beta,60,-0.004968,-0.589892,0.174812
76,0.15,beta,61,-0.00396,-0.672846,0.16417
76,0.15,beta,62,0.020804,-0.474271,0.151227
76,0.15,beta,63,0.023185,-0.73433,0.142643
76,0.15,beta,64,0.042266,-0.63913,0.152365
76,0.15,beta,65,0.04805,-0.414304,0.152484
76,0.15,beta,66,0.105125,-0.520069,0.14989
76,0.15,beta,67,0.136615,-0.467962,0.156026
76,0.15,beta,68,0.166259,-0.543216,0.157613
76,0.15,beta,69,0.168379,-0.641468,0.161586
76,0.15,beta,70,0.169709,-0.293695,0.158837
76,0.15,beta,71,0.177038,-0.470387,0.157197
76,0.15,beta,72,0.184627,-0.268177,0.154774
76,0.15,beta,73,0.216395,-0.246953,0.149265
76,0.15,beta,74,0.222831,-0.164553,0.161314
76,0.15,beta,75,0.233483,-0.37316,0.157529
76,0.15,beta,76,0.240186,-0.375634,0.150426
76,0.15,beta,77,0.339909,-0.27328,0.167337
76,0.15,beta,78,0.351628,-0.355712,0.145058
76,0.15,beta,79,0.390356,-0.444716,0.150903
76,0.15,beta,80,0.39292,-0.530658,0.175958
76,0.15,beta,81,0.434395,-0.002056,0.142394
76,0.15,beta,82,0.495864,-0.105112,0.142834
76,0.15,beta,83,0.497327,-0.149752,0.159436
76,0.15,beta,84,0.527571,-0.275168,0.151197
76,0.15,beta,85,0.571226,-0.123964,0.144502
76,0.15,beta,86,0.587711,-0.058337,0.142546
76,0.15,beta,87,0.60282,-0.344218,0.159795
76,0.15,beta,88,0.608029,-0.300403,0.154987
76,0.15,beta,89,0.610082,-0.031863,0.161854
76,0.15,beta,90,0.648655,-0.185786,0.147826
76,0.15,beta,91,0.662507,-0.165486,0.148683
76,0.15,beta,92,0.663486,-0.25438,0.139385
76,0.15,beta,93,0.719629,-0.162172,0.160017
76,0.15,beta,94,0.738121,0.000245,0.140997
76,0.15,beta,95,0.759385,-0.013699,0.140804
76,0.15,beta,96,0.765683,-0.201157,0.166306
76,0.15,beta,97,0.766117,-0.091265,0.142002
76,0.15,beta,98,0.834255,-0.244552,0.155274
76,0.15,beta,99,0.919538,0.206541,0.152668
76,0.15,beta,100,0.94931,0.178383,0.1483
76,0.15,beta,101,0.975092,-0.142363,0.145962
76,0.15,beta,102,0.984206,-0.078231,0.145018
76,0.15,beta,103,1.00925,0.040846,0.151192
76,0.15,beta,104,1.010602,0.038138,0.145769
76,0.15,beta,105,1.048603,0.17172,0.151759
76,0.15,beta,106,1.07944,-0.341009,0.170919
76,0.15,beta,107,1.099048,0.131848,0.142201
76,0.15,beta,108,1.118442,0.107421,0.151014
76,0.15,beta,109,1.135191,0.059166,0.153337
76,0.15,beta,110,1.257086,0.400949,0.140246
76,0.15,beta,111,1.268998,0.165247,0.149261
76,0.15,beta,112,1.305616,0.026874,0.155619
76,0.15,beta,113,1.334882,0.1252,0.150669
76,0.15,beta,114,1.367531,-0.13957,0.187075
76,0.15,beta,115,1.399186,0.208664,0.145206
76,0.15,beta,116,1.403779,0.448764,0.159449
76,0.15,beta,117,1.441669,0.152872,0.141108
76,0.15,beta,118,1.443148,0.317092,0.139463
76,0.15,beta,119,1.449952,0.747259,0.15071
76,0.15,beta,120,1.580855,0.473601,0.155803
76,0.15,beta,121,1.646541,0.366526,0.146944
76,0.15,beta,122,1.684384,0.329696,0.141611
76,0.15,beta,123,1.698407,0.495684,0.145293
76,0.15,beta,124,1.826588,0.785398,0.167599
76,0.15,beta,125,1.854856,0.562362,0.164488
76,0.15,beta,126,1.856143,0.401102,0.150049
76,0.15,beta,127,1.86928,0.347998,0.144135
76,0.15,beta,128,2.688931,0.883293,0.163262
76,0.15,alpha,1,1.891307,1.24159,0.310567
76,0.15,alpha,2,1.295264,0.845038,0.254165
76,0.15,alpha,3,0.8053,0.566955,0.173087
76,0.15,alpha,4,0.704728,0.762073,0.221311
76,0.15,alpha,5,1.771559,0.895536,0.232182
76,0.15,alpha,6,0.672303,0.544659,0.167196
76,0.15,alpha,7,1.553139,1.06626,0.246737
76,0.15,alpha,8,0.474741,0.670043,0.194797
76,0.15,alpha,9,1.163247,0.858772,0.232227
76,0.15,alpha,10,1.414589,0.689174,0.191928
76,0.15,alpha,11,0.825097,0.635147,0.175971
76,0.15,alpha,12,1.833833,1.088725,0.273365
76,0.15,alpha,13,2.749567,1.772635,0.385957
76,0.15,alpha,14,0.818871,0.735011,0.207457
76,0.15,alpha,15,0.417453,0.844182,0.211267
76,0.15,alpha,16,1.077384,0.68479,0.176628
76,0.15,alpha,17,0.842183,0.986293,0.271445
76,0.15,alpha,18,1.418657,0.82773,0.200533
76,0.15,alpha,19,1.114916,0.803887,0.215153
76,0.15,alpha,20,0.786671,0.733534,0.201929
76,0.15,alpha,21,1.474277,0.925436,0.246349
76,0.15,alpha,22,2.178138,1.37535,0.30845
76,0.15,alpha,23,1.036012,0.924626,0.224011
76,0.15,alpha,24,2.417453,1.08625,0.236777
76,0.15,alpha,25,0.926298,0.555564,0.155163
76,0.15,alpha,26,1.098932,0.823666,0.228075
76,0.15,alpha,27,0.806546,0.76837,0.187378
76,0.15,alpha,28,1.303457,0.889102,0.211872
76,0.15,alpha,29,1.213063,0.919712,0.21519
76,0.15,alpha,30,0.417427,0.412056,0.11908
76,0.15,alpha,31,1.310959,1.19524,0.264869
76,0.15,alpha,32,0.501306,0.739284,0.203683
76,0.15,alpha,33,0.689033,0.49731,0.139953
76,0.15,alpha,34,0.774639,0.849176,0.206003
76,0.15,alpha,35,2.410642,1.461165,0.320659
76,0.15,alpha,36,3.549563,1.120715,0.240315
76,0.15,alpha,37,0.460392,0.573546,0.160389
76,0.15,alpha,38,0.52942,0.590676,0.15129
76,0.15,alpha,39,0.303833,0.591744,0.172553
76,0.15,alpha,40,0.876506,0.638644,0.163714
76,0.15,alpha,41,0.857626,0.522798,0.149389
76,0.15,alpha,42,1.224832,0.761516,0.187204
76,0.15,alpha,43,0.894562,0.627735,0.161581
76,0.15,alpha,44,0.899571,0.64112,0.171179
76,0.15,alpha,45,1.907983,0.829195,0.195961
76,0.15,alpha,46,1.390857,0.550326,0.144866
76,0.15,alpha,47,1.382681,0.616736,0.167016
76,0.15,alpha,48,0.595913,0.494052,0.128779
76,0.15,alpha,49,0.538309,0.41255,0.119583
76,0.15,alpha,50,1.831003,0.915419,0.208695
76,0.15,alpha,51,1.157646,0.701671,0.184356
76,0.15,alpha,52,1.104993,0.751875,0.196857
76,0.15,alpha,53,1.741948,1.391795,0.310636
76,0.15,alpha,54,1.302042,0.586208,0.15885
76,0.15,alpha,55,0.866733,0.880475,0.207114
76,0.15,alpha,56,0.595982,0.540742,0.147693
76,0.15,alpha,57,1.303407,0.625018,0.178604
76,0.15,alpha,58,0.658566,0.34415,0.095859
76,0.15,alpha,59,1.353455,0.642179,0.159429
76,0.15,alpha,60,1.545595,0.886372,0.23015
76,0.15,alpha,61,0.667174,0.51735,0.152418
76,0.15,alpha,62,0.735676,0.431967,0.124336
76,0.15,alpha,63,0.690226,0.562108,0.138175
76,0.15,alpha,64,0.506731,0.636446,0.168288
76,0.15,alpha,65,0.685109,0.76205,0.183633
76,0.15,alpha,66,0.639499,0.608522,0.152639
76,0.15,alpha,67,0.949867,0.591465,0.154834
76,0.15,alpha,68,1.776564,0.766465,0.18629
76,0.15,alpha,69,1.217016,0.801611,0.18234
76,0.15,alpha,70,1.205557,0.729276,0.185238
76,0.15,alpha,71,0.77476,0.567618,0.15278
76,0.15,alpha,72,1.329117,0.742493,0.184758
76,0.15,alpha,73,0.842074,0.672397,0.169764
76,0.15,alpha,74,0.530278,0.729672,0.19473
76,0.15,alpha,75,0.652361,0.62082,0.167991
76,0.15,alpha,76,1.19057,0.808402,0.188436
76,0.15,alpha,77,1.874237,1.21661,0.259603
76,0.15,alpha,78,0.350827,0.532643,0.13961
76,0.15,alpha,79,1.137376,0.812866,0.189257
76,0.15,alpha,80,1.089585,0.982762,0.23878
76,0.15,alpha,81,0.941009,0.598348,0.166878
76,0.15,alpha,82,0.676937,0.449043,0.127351
76,0.15,alpha,83,1.423702,0.748348,0.195224
76,0.15,alpha,84,0.657155,0.55074,0.149651
76,0.15,alpha,85,0.556065,0.384613,0.107639
76,0.15,alpha,86,0.557728,0.455282,0.126645
76,0.15,alpha,87,0.932058,0.74958,0.190579
76,0.15,alpha,88,1.05546,0.756388,0.184602
76,0.15,alpha,89,1.248327,0.651418,0.164609
76,0.15,alpha,90,0.919543,0.658932,0.163571
76,0.15,alpha,91,0.619485,0.500514,0.136394
76,0.15,alpha,92,0.976801,0.325888,0.095671
76,0.15,alpha,93,0.922903,0.58666,0.157722
76,0.15,alpha,94,0.541932,0.481937,0.130884
76,0.15,alpha,95,1.078339,0.440444,0.125617
76,0.15,alpha,96,1.772057,0.948912,0.225497
76,0.15,alpha,97,0.353494,0.35603,0.102816
76,0.15,alpha,98,0.971919,0.614018,0.162382
76,0.15,alpha,99,0.760998,0.484075,0.135532
76,0.15,alpha,100,0.884128,0.431059,0.1269
76,0.15,alpha,101,1.783154,0.881701,0.191454
76,0.15,alpha,102,1.92122,0.690176,0.178251
76,0.15,alpha,103,1.173957,0.710322,0.178891
76,0.15,alpha,104,1.197605,0.377096,0.115024
76,0.15,alpha,105,1.268245,0.69507,0.171206
76,0.15,alpha,106,3.195681,0.841162,0.21577
76,0.15,alpha,107,0.800614,0.476004,0.131688
76,0.15,alpha,108,1.891466,0.736015,0.188299
76,0.15,alpha,109,1.405724,0.782608,0.19584
76,0.15,alpha,110,0.547538,0.562752,0.14149
76,0.15,alpha,111,0.807053,0.597619,0.155429
76,0.15,alpha,112,1.34467,0.630345,0.173715
76,0.15,alpha,113,1.84117,0.579572,0.159262
76,0.15,alpha,114,2.444184,1.345475,0.322315
76,0.15,alpha,115,0.644124,0.42798,0.120172
76,0.15,alpha,116,1.100011,0.686232,0.185016
76,0.15,alpha,117,0.629331,0.312094,0.089436
76,0.15,alpha,118,0.850932,0.470114,0.130699
76,0.15,alpha,119,0.987603,0.617535,0.153161
76,0.15,alpha,120,0.678064,0.417912,0.118916
76,0.15,alpha,121,1.246105,0.497465,0.132046
76,0.15,alpha,122,0.515442,0.480178,0.12871
76,0.15,alpha,123,1.407431,0.472134,0.134218
76,0.15,alpha,124,1.525478,0.7535,0.199871
76,0.15,alpha,125,0.625157,0.613318,0.167544
76,0.15,alpha,126,1.163159,0.49296,0.133841
76,0.15,alpha,127,1.027651,0.436064,0.126904
76,0.15,alpha,128,1.216989,0.452544,0.139376
76,0.25,theta,1,0.434671,0.178564,0.52916
76,0.25,theta,2,1.715218,1.07957,0.542233
76,0.25,theta,3,-2.476284,-1.312945,0.505796
76,0.25,theta,4,0.935325,0.671084,0.49836
76,0.25,theta,5,1.012927,0.554386,0.546973
76,0.25,theta,6,1.875175,1.623115,0.582842
76,0.25,theta,7,-0.569346,-0.204576,0.504319
76,0.25,theta,8,0.732207,1.027045,0.55284
76,0.25,theta,9,-1.456032,-1.24446,0.516194
76,0.25,theta,10,0.638676,0.455523,0.50264
76,0.25,theta,11,-0.169719,-0.251602,0.47307
76,0.25,theta,12,2.366434,1.765725,0.581533
76,0.25,theta,13,0.041538,0.052623,0.542941
76,0.25,theta,14,-1.284337,-0.27762,0.514089
76,0.25,theta,15,0.499015,0.286755,0.487161
76,0.25,theta,16,0.943571,0.408222,0.504916
76,0.25,theta,17,-0.343385,-0.023593,0.529805
76,0.25,theta,18,-1.154804,-0.897354,0.513027
76,0.25,theta,19,-0.219084,0.393536,0.481958
76,0.25,theta,20,1.193074,0.568037,0.563309
76,0.25,theta,21,1.642863,1.31212,0.572563
76,0.25,theta,22,0.173407,0.591112,0.501113
76,0.25,theta,23,-1.209745,-0.208392,0.495912
76,0.25,theta,24,-1.681192,-1.29298,0.514784
76,0.25,theta,25,0.492255,1.00042,0.556815
76,0.25,theta,26,-0.83096,-0.611766,0.480847
76,0.25,theta,27,0.371079,0.685598,0.515394
76,0.25,theta,28,-0.746461,-0.722098,0.509887
76,0.25,theta,29,-1.022038,-0.249924,0.508092
76,0.25,theta,30,0.177741,0.229807,0.529579
76,0.25,theta,31,-0.612346,-0.258088,0.516517
76,0.25,theta,32,-0.043204,0.168298,0.49638
76,0.25,theta,33,-1.4199,-0.71912,0.465958
76,0.25,theta,34,0.277117,-0.202886,0.48853
76,0.25,theta,35,0.361182,-0.099096,0.463236
76,0.25,theta,36,-1.622079,-0.578478,0.477237
76,0.25,theta,37,1.625763,0.970683,0.55717
76,0.25,theta,38,-1.006495,-0.465214,0.503266
76,0.25,theta,39,-1.279424,-1.917715,0.545295
76,0.25,theta,40,0.168716,0.583232,0.54586
76,0.25,theta,41,0.974149,0.938788,0.545835
76,0.25,theta,42,-0.287418,-0.665957,0.521439
76,0.25,theta,43,1.464471,1.811375,0.578968
76,0.25,theta,44,0.167317,0.373645,0.524594
76,0.25,theta,45,1.463257,1.04016,0.557342
76,0.25,theta,46,-0.420812,-0.4131,0.483619
76,0.25,theta,47,-0.668785,-0.726132,0.479937
76,0.25,theta,48,-0.802205,-0.64945,0.470862
76,0.25,theta,49,0.25911,0.446725,0.514889
76,0.25,theta,50,0.97029,1.724675,0.578863
76,0.25,theta,51,-0.817851,-1.027295,0.511663
76,0.25,theta,52,1.678676,0.723141,0.527213
76,0.25,theta,53,0.780943,1.174205,0.560735
76,0.25,theta,54,0.387721,0.629455,0.541305
76,0.25,theta,55,-1.143026,-1.162035,0.512803
76,0.25,theta,56,0.835514,1.127545,0.556962
76,0.25,theta,57,0.353499,-0.621857,0.463733
76,0.25,theta,58,-0.666311,-1.34377,0.494968
76,0.25,theta,59,-0.332063,-0.796229,0.504067
76,0.25,theta,60,-1.003222,-1.108695,0.475413
76,0.25,theta,61,1.380104,0.518002,0.567009
76,0.25,theta,62,-0.208589,-0.027407,0.468133
76,0.25,theta,63,1.054537,1.620925,0.565691
76,0.25,theta,64,0.719271,-0.102366,0.488171
76,0.25,theta,65,-0.145947,0.38381,0.534558
76,0.25,theta,66,-1.345667,0.00639,0.486611
76,0.25,theta,67,1.087104,0.700639,0.532357
76,0.25,theta,68,1.561319,0.995326,0.529807
76,0.25,theta,69,-0.327496,-0.723993,0.489487
76,0.25,theta,70,-1.097672,-0.451347,0.493377
76,0.25,theta,71,0.45711,-0.148344,0.528916
76,0.25,theta,72,-0.064356,-0.787984,0.434892
76,0.25,theta,73,-0.251905,0.31651,0.537886
76,0.25,theta,74,-1.035149,-0.852169,0.496983
76,0.25,theta,75,-0.282272,-0.156233,0.549428
76,0.25,theta,76,-0.914835,-0.622704,0.522753
76,0.25,theta,77,-0.910763,-0.384903,0.486504
76,0.25,theta,78,0.347956,0.81805,0.528516
76,0.25,theta,79,-1.400914,-1.81196,0.503315
76,0.25,theta,80,0.910123,0.672728,0.532927
76,0.25,theta,81,0.446614,0.488206,0.547686
76,0.25,theta,82,0.304838,0.012928,0.503662
76,0.25,theta,83,-0.4191,-0.911154,0.503961
76,0.25,theta,84,-0.92948,-0.178978,0.500732
76,0.25,theta,85,0.038051,0.514541,0.511073
76,0.25,theta,86,0.041799,0.118418,0.525015
76,0.25,theta,87,0.534488,-0.277495,0.520143
76,0.25,theta,88,1.126828,0.890667,0.562306
76,0.25,theta,89,1.783997,1.203205,0.567487
76,0.25,theta,90,-1.117962,-0.584663,0.516488
76,0.25,theta,91,-1.86503,0.14273,0.506105
76,0.25,theta,92,-1.549752,-0.92563,0.523592
76,0.25,theta,93,-0.53665,-0.400833,0.508716
76,0.25,theta,94,1.196028,0.364618,0.516569
76,0.25,theta,95,0.346968,-0.216887,0.496709
76,0.25,theta,96,0.340644,0.405982,0.549376
76,0.25,theta,97,-0.142365,-0.830072,0.502471
76,0.25,theta,98,0.174699,-0.264011,0.515013
76,0.25,theta,99,0.352291,0.368686,0.495401
76,0.25,theta,100,0.144536,-0.627644,0.527821
76,0.25,theta,101,-0.188519,-0.142697,0.484324
76,0.25,theta,102,-0.234725,0.62218,0.514868
76,0.25,theta,103,0.84823,0.298368,0.514557
76,0.25,theta,104,-0.345241,-0.409642,0.516146
76,0.25,theta,105,-0.845411,-0.225322,0.503574
76,0.25,theta,106,0.681683,0.654546,0.537157
76,0.25,theta,107,0.567924,0.944795,0.57185
76,0.25,theta,108,-0.699274,-0.000245,0.515945
76,0.25,theta,109,0.157961,-0.177816,0.449331
76,0.25,theta,110,-2.876962,-1.12038,0.512388
76,0.25,theta,111,0.762177,0.846808,0.515638
76,0.25,theta,112,1.237899,1.74438,0.582266
76,0.25,theta,113,-1.243369,-1.29948,0.520714
76,0.25,theta,114,1.504833,0.563431,0.506444
76,0.25,theta,115,0.183469,-0.665234,0.496768
76,0.25,theta,116,0.262215,0.788691,0.541752
76,0.25,theta,117,0.638032,1.591655,0.566364
76,0.25,theta,118,0.624814,0.173395,0.517158
76,0.25,theta,119,0.958189,0.705363,0.510717
76,0.25,theta,120,-0.677229,-0.544384,0.518757
76,0.25,theta,121,0.820475,-0.003917,0.526504
76,0.25,theta,122,0.234447,-0.482534,0.487732
76,0.25,theta,123,-0.214812,-0.459765,0.470154
76,0.25,theta,124,0.69758,1.179535,0.562148
76,0.25,theta,125,0.482147,0.74689,0.539723
76,0.25,theta,126,-0.735582,-0.788269,0.462773
76,0.25,theta,127,-0.334298,-0.274311,0.547837
76,0.25,theta,128,0.843574,1.34151,0.578389
76,0.25,theta,129,0.216767,0.324124,0.486594
76,0.25,theta,130,0.616722,0.647906,0.552152
76,0.25,theta,131,1.382264,1.19551,0.567285
76,0.25,theta,132,-0.386487,-0.535719,0.47417
76,0.25,theta,133,0.455029,0.394926,0.533198
76,0.25,theta,134,-0.730453,-0.119479,0.496598
76,0.25,theta,135,-0.082048,1.12059,0.549575
76,0.25,theta,136,0.55007,0.202513,0.560555
76,0.25,theta,137,-1.463697,-0.587955,0.548185
76,0.25,theta,138,-1.014635,-0.389184,0.510555
76,0.25,theta,139,-2.425615,-2.49734,0.561509
76,0.25,theta,140,0.264321,-0.395067,0.477727
76,0.25,theta,141,0.959827,1.200765,0.58292
76,0.25,theta,142,1.337819,1.64937,0.562856
76,0.25,theta,143,-0.912097,-0.413476,0.509075
76,0.25,theta,144,-0.459471,0.025557,0.514263
76,0.25,theta,145,0.524737,-0.043311,0.515347
76,0.25,theta,146,0.463145,0.568707,0.534571
76,0.25,theta,147,-1.466832,-1.43384,0.507886
76,0.25,theta,148,0.263435,-0.54963,0.502516
76,0.25,theta,149,1.452137,2.35246,0.613838
76,0.25,theta,150,1.116431,0.740063,0.517884
76,0.25,theta,151,0.985247,0.957007,0.504106
76,0.25,theta,152,-1.580786,-0.967558,0.484473
76,0.25,theta,153,-0.500033,-0.929122,0.488797
76,0.25,theta,154,0.160515,0.689895,0.522597
76,0.25,theta,155,2.404278,0.862024,0.495006
76,0.25,theta,156,-0.781526,-0.645773,0.477757
76,0.25,theta,157,-0.655907,-0.655825,0.466404
76,0.25,theta,158,-0.309099,-0.566638,0.518725
76,0.25,theta,159,0.438352,0.019174,0.511804
76,0.25,theta,160,-1.828926,-1.853075,0.526669
76,0.25,theta,161,-0.752585,-1.205295,0.51262
76,0.25,theta,162,0.981724,0.590518,0.514344
76,0.25,theta,163,-0.291682,-0.40861,0.503052
76,0.25,theta,164,-1.353491,-0.475333,0.538338
76,0.25,theta,165,-0.958026,-0.73034,0.545013
76,0.25,theta,166,0.023895,-0.452283,0.515087
76,0.25,theta,167,1.05458,0.491746,0.521513
76,0.25,theta,168,-0.2283,-0.704922,0.44938
76,0.25,theta,169,0.400935,0.608418,0.522655
76,0.25,theta,170,0.321539,0.05264,0.512598
76,0.25,theta,171,0.116922,0.390136,0.488711
76,0.25,theta,172,-0.622734,-0.100538,0.505377
76,0.25,theta,173,-1.97182,-0.815488,0.507131
76,0.25,theta,174,-0.174521,0.11889,0.522726
76,0.25,theta,175,0.23574,0.996273,0.524726
76,0.25,theta,176,-0.259479,-0.808204,0.520722
76,0.25,theta,177,-1.5905,-1.776555,0.535366
76,0.25,theta,178,1.113261,0.677236,0.539471
76,0.25,theta,179,-1.381169,-0.025435,0.548211
76,0.25,theta,180,0.0211,0.054155,0.461426
76,0.25,theta,181,1.036925,0.133456,0.539719
76,0.25,theta,182,-0.442834,0.097854,0.452806
76,0.25,theta,183,-0.605644,-0.699038,0.529143
76,0.25,theta,184,0.325362,0.123981,0.505653
76,0.25,theta,185,0.052446,-0.008215,0.481591
76,0.25,theta,186,0.67781,0.474348,0.526692
76,0.25,theta,187,-0.249213,0.218866,0.507229
76,0.25,theta,188,1.887649,1.0895,0.524246
76,0.25,theta,189,-1.601841,-1.10643,0.548449
76,0.25,theta,190,-0.668537,-0.618403,0.478838
76,0.25,theta,191,-1.509332,-0.746617,0.487717
76,0.25,theta,192,1.245061,1.006775,0.531716
76,0.25,theta,193,1.19615,0.762879,0.602301
76,0.25,theta,194,0.075618,0.10301,0.470016
76,0.25,theta,195,0.856919,0.904931,0.516404
76,0.25,theta,196,1.583428,0.940173,0.558114
76,0.25,theta,197,1.131989,0.469475,0.531945
76,0.25,theta,198,-1.054526,-1.368415,0.52629
76,0.25,theta,199,-0.147258,0.763888,0.532197
76,0.25,theta,200,-0.504239,-0.762592,0.496743
76,0.25,theta,201,0.202609,0.216575,0.533003
76,0.25,theta,202,0.35404,0.512579,0.542032
76,0.25,theta,203,1.333471,1.01635,0.542827
76,0.25,theta,204,0.129796,0.500501,0.520552
76,0.25,theta,205,-1.865416,-1.53315,0.503526
76,0.25,theta,206,1.798781,1.99175,0.615332
76,0.25,theta,207,1.120773,0.76303,0.52532
76,0.25,theta,208,0.077769,-0.355,0.502546
76,0.25,theta,209,0.568419,0.915734,0.551356
76,0.25,theta,210,0.530786,0.163093,0.522362
76,0.25,theta,211,0.807365,0.720893,0.545519
76,0.25,theta,212,-0.974084,-0.71099,0.507864
76,0.25,theta,213,0.665461,0.927118,0.538431
76,0.25,theta,214,0.536092,0.952965,0.540435
76,0.25,theta,215,-1.164221,-0.618764,0.495869
76,0.25,theta,216,-1.140441,-0.928594,0.512105
76,0.25,theta,217,0.352759,-0.19785,0.520602
76,0.25,theta,218,-0.482371,-1.344185,0.517435
76,0.25,theta,219,0.127715,0.138286,0.506719
76,0.25,theta,220,-0.175732,0.07604,0.495213
76,0.25,theta,221,0.610077,0.52204,0.533029
76,0.25,theta,222,-0.527569,0.060222,0.533128
76,0.25,theta,223,-1.0304,-1.08753,0.467251
76,0.25,theta,224,0.475569,0.438004,0.487056
76,0.25,theta,225,-1.254746,-1.088165,0.547246
76,0.25,theta,226,-0.813406,-1.631475,0.513632
76,0.25,theta,227,-0.970555,-0.170217,0.50554
76,0.25,theta,228,1.00782,0.492054,0.522804
76,0.25,theta,229,0.541213,0.262846,0.509673
76,0.25,theta,230,1.818639,0.945879,0.55256
76,0.25,theta,231,-0.307504,-0.283892,0.451404
76,0.25,theta,232,0.091592,0.296282,0.531354
76,0.25,theta,233,0.476629,0.52037,0.537583
76,0.25,theta,234,1.308142,0.425756,0.534856
76,0.25,theta,235,0.222778,-0.354279,0.50152
76,0.25,theta,236,0.089938,0.147503,0.500015
76,0.25,theta,237,-0.162684,-0.039541,0.4967
76,0.25,theta,238,0.236123,0.110109,0.488433
76,0.25,theta,239,-0.539811,-0.018526,0.46634
76,0.25,theta,240,0.585162,0.530334,0.524439
76,0.25,theta,241,0.959885,0.574841,0.53756
76,0.25,theta,242,0.315663,-0.28778,0.489872
76,0.25,theta,243,0.826156,0.266783,0.509962
76,0.25,theta,244,-1.264076,-1.232115,0.502075
76,0.25,theta,245,1.24079,0.537611,0.531165
76,0.25,theta,246,-0.757366,-0.700904,0.494115
76,0.25,theta,247,0.586354,0.493434,0.516804
76,0.25,theta,248,-0.817804,-1.4938,0.525793
76,0.25,theta,249,-1.670607,-0.62383,0.515076
76,0.25,theta,250,0.107934,0.319952,0.579294
76,0.25,theta,251,0.518445,-0.361417,0.498634
76,0.25,theta,252,-1.089043,-0.738387,0.478547
76,0.25,theta,253,0.015286,-0.885744,0.488468
76,0.25,theta,254,0.443034,-0.019401,0.51114
76,0.25,theta,255,0.321263,-0.117174,0.50894
76,0.25,theta,256,0.416855,-0.017039,0.518625
76,0.25,theta,257,-0.593917,-0.353238,0.514362
76,0.25,theta,258,0.493393,0.185246,0.496014
76,0.25,theta,259,-0.842241,-0.647954,0.486567
76,0.25,theta,260,-1.198227,-1.287565,0.518398
76,0.25,theta,261,0.321169,0.342818,0.529854
76,0.25,theta,262,0.618104,0.068516,0.528847
76,0.25,theta,263,0.460614,0.510349,0.543289
76,0.25,theta,264,-0.429201,-0.171283,0.52262
76,0.25,theta,265,-0.857815,-0.664024,0.513367
76,0.25,theta,266,0.965742,0.499314,0.525433
76,0.25,theta,267,-0.999292,-0.512069,0.493863
76,0.25,theta,268,-1.837433,-0.925558,0.515352
76,0.25,theta,269,1.16356,0.953916,0.538802
76,0.25,theta,270,0.13847,0.242378,0.533347
76,0.25,theta,271,1.182575,1.044255,0.565735
76,0.25,theta,272,-0.920311,-0.264182,0.508414
76,0.25,theta,273,-0.523449,0.421694,0.539384
76,0.25,theta,274,-0.544088,-0.995462,0.457656
76,0.25,theta,275,0.359823,0.419451,0.523337
76,0.25,theta,276,1.048626,0.922289,0.554534
76,0.25,theta,277,-0.560003,-0.20752,0.474776
76,0.25,theta,278,-0.379196,-0.335578,0.502846
76,0.25,theta,279,0.009782,0.295734,0.483175
76,0.25,theta,280,1.852902,1.57831,0.560638
76,0.25,theta,281,1.123319,1.14194,0.565268
76,0.25,theta,282,0.380756,-0.452312,0.487129
76,0.25,theta,283,1.201537,0.826062,0.558284
76,0.25,theta,284,1.609009,1.573515,0.558546
76,0.25,theta,285,1.01807,0.358986,0.538346
76,0.25,theta,286,-0.189102,0.362536,0.573932
76,0.25,theta,287,-1.163972,-0.556162,0.539055
76,0.25,theta,288,-0.52447,-0.974968,0.504983
76,0.25,theta,289,0.089848,-0.180397,0.506972
76,0.25,theta,290,0.105832,-0.303738,0.506843
76,0.25,theta,291,-0.222179,-0.479632,0.519581
76,0.25,theta,292,-1.371022,-1.094025,0.509593
76,0.25,theta,293,1.694395,1.80154,0.603089
76,0.25,theta,294,-0.002677,-0.62359,0.509361
76,0.25,theta,295,-0.942274,-0.929348,0.50091
76,0.25,theta,296,2.140699,1.21442,0.560888
76,0.25,theta,297,0.656565,-0.091497,0.483802
76,0.25,theta,298,-0.755762,-0.963216,0.522201
76,0.25,theta,299,-0.31357,-0.34928,0.471681
76,0.25,theta,300,0.246449,0.490484,0.529491
76,0.25,theta,301,0.47991,-0.289511,0.505355
76,0.25,theta,302,1.361496,0.605644,0.536093
76,0.25,theta,303,0.75056,1.53347,0.59638
76,0.25,theta,304,-0.420363,0.494816,0.544602
76,0.25,theta,305,0.831045,0.53079,0.491704
76,0.25,theta,306,0.20174,0.315602,0.520062
76,0.25,theta,307,-0.157442,0.249281,0.495359
76,0.25,theta,308,-0.018328,0.049578,0.541415
76,0.25,theta,309,-1.510446,-1.608985,0.532297
76,0.25,theta,310,0.678554,0.58117,0.55003
76,0.25,theta,311,-1.340253,-1.63774,0.524937
76,0.25,theta,312,-1.704148,-1.59722,0.501562
76,0.25,theta,313,1.189203,1.115935,0.52357
76,0.25,theta,314,0.592724,0.193153,0.492795
76,0.25,theta,315,-0.659333,-0.087184,0.533326
76,0.25,theta,316,-0.135599,0.581129,0.544115
76,0.25,theta,317,0.583291,0.263516,0.513321
76,0.25,theta,318,0.420208,-0.561684,0.492152
76,0.25,theta,319,0.671106,0.097846,0.477831
76,0.25,theta,320,-0.155506,-0.152563,0.476249
76,0.25,theta,321,2.09843,2.44208,0.649708
76,0.25,theta,322,-0.11324,0.185169,0.563107
76,0.25,theta,323,0.292983,0.06334,0.549822
76,0.25,theta,324,-1.058629,-1.64735,0.502711
76,0.25,theta,325,-0.084811,0.08651,0.521121
76,0.25,theta,326,0.546264,1.26703,0.576045
76,0.25,theta,327,0.386087,0.157868,0.496809
76,0.25,theta,328,-0.392866,-0.565138,0.494469
76,0.25,theta,329,-0.375687,-0.552856,0.498809
76,0.25,theta,330,-0.78119,-1.02236,0.529711
76,0.25,theta,331,-0.822979,-0.904308,0.519417
76,0.25,theta,332,1.402812,1.66851,0.570084
76,0.25,theta,333,1.347756,0.803882,0.541618
76,0.25,theta,334,-1.818099,-1.450435,0.526061
76,0.25,theta,335,1.003736,0.20124,0.527336
76,0.25,theta,336,-1.52592,-0.817296,0.523895
76,0.25,theta,337,1.586644,0.612854,0.519226
76,0.25,theta,338,-0.57002,-1.03776,0.50458
76,0.25,theta,339,-1.858121,-2.30114,0.527502
76,0.25,theta,340,-0.293611,0.368637,0.524289
76,0.25,theta,341,1.443516,1.496815,0.592998
76,0.25,theta,342,-0.499679,-0.553836,0.504967
76,0.25,theta,343,-1.046318,-0.118169,0.504617
76,0.25,theta,344,0.186073,-0.095033,0.522214
76,0.25,theta,345,1.10429,1.122125,0.534007
76,0.25,theta,346,-1.545129,-0.945607,0.513779
76,0.25,theta,347,1.335645,1.11411,0.551793
76,0.25,theta,348,1.006107,0.88318,0.524403
76,0.25,theta,349,1.900566,0.673348,0.520677
76,0.25,theta,350,-0.294282,-0.474906,0.468208
76,0.25,theta,351,0.128399,0.309332,0.538768
76,0.25,theta,352,0.025897,0.667918,0.521671
76,0.25,theta,353,-0.357698,-0.281319,0.510047
76,0.25,theta,354,0.415952,0.500534,0.522559
76,0.25,theta,355,0.196117,-0.019252,0.51402
76,0.25,theta,356,-1.152687,-0.6582,0.494128
76,0.25,theta,357,0.404548,-0.35149,0.494105
76,0.25,theta,358,-1.891573,-1.07553,0.478647
76,0.25,theta,359,-0.42499,-0.181332,0.522945
76,0.25,theta,360,0.348291,0.391909,0.543442
76,0.25,theta,361,-0.354591,0.175144,0.509877
76,0.25,theta,362,2.290293,2.22138,0.609807
76,0.25,theta,363,0.590511,0.146902,0.526148
76,0.25,theta,364,-0.288282,-0.000414,0.486448
76,0.25,theta,365,1.53692,0.887344,0.55725
76,0.25,theta,366,0.551507,1.07054,0.601344
76,0.25,theta,367,0.337982,0.354545,0.502947
76,0.25,theta,368,-0.036696,-1.039415,0.50563
76,0.25,theta,369,0.769823,0.054933,0.552423
76,0.25,theta,370,-0.380056,-0.46453,0.462603
76,0.25,theta,371,1.402455,1.31439,0.545373
76,0.25,theta,372,-0.682245,-0.35857,0.511403
76,0.25,theta,373,0.884008,0.697023,0.520169
76,0.25,theta,374,0.148332,0.450976,0.511091
76,0.25,theta,375,0.527012,0.1877,0.534143
76,0.25,theta,376,0.800353,1.34506,0.53413
76,0.25,theta,377,-1.988598,-1.98578,0.510838
76,0.25,theta,378,-1.622286,-1.48355,0.494775
76,0.25,theta,379,-1.384706,-0.735841,0.525064
76,0.25,theta,380,-1.576352,-0.541478,0.508976
76,0.25,theta,381,-0.483624,-0.219525,0.508062
76,0.25,theta,382,-0.474875,-0.668769,0.463498
76,0.25,theta,383,0.015038,0.164717,0.527525
76,0.25,theta,384,-0.394696,-0.212136,0.480915
76,0.25,theta,385,-0.122492,0.174154,0.505532
76,0.25,theta,386,0.943592,0.78817,0.557871
76,0.25,theta,387,0.756869,-0.603652,0.477824
76,0.25,theta,388,-1.785752,-1.252475,0.528561
76,0.25,theta,389,-0.591618,-0.666874,0.491862
76,0.25,theta,390,-0.678644,-1.03969,0.516635
76,0.25,theta,391,-1.373197,-0.483598,0.515909
76,0.25,theta,392,0.296453,0.63703,0.551586
76,0.25,theta,393,-1.603554,-0.962069,0.524579
76,0.25,theta,394,0.225685,0.031209,0.503942
76,0.25,theta,395,-0.147096,0.606878,0.522744
76,0.25,theta,396,-1.370998,-1.251605,0.51251
76,0.25,theta,397,-0.029815,0.826063,0.534523
76,0.25,theta,398,-0.688539,-0.95778,0.524235
76,0.25,theta,399,-0.858415,-0.496974,0.503863
76,0.25,theta,400,-0.624945,-0.223728,0.467301
76,0.25,theta,401,0.189711,-0.244628,0.489498
76,0.25,theta,402,-1.57896,-0.521547,0.502498
76,0.25,theta,403,-0.055323,0.356481,0.540437
76,0.25,theta,404,-0.190607,0.57379,0.527836
76,0.25,theta,405,0.203107,-0.104219,0.477332
76,0.25,theta,406,-0.849939,-0.799422,0.518993
76,0.25,theta,407,0.725524,0.06356,0.50481
76,0.25,theta,408,-2.614739,-2.64957,0.567563
76,0.25,theta,409,-1.657343,-1.21198,0.492208
76,0.25,theta,410,-0.289518,0.494519,0.509281
76,0.25,theta,411,0.935329,1.462475,0.56604
76,0.25,theta,412,0.827467,1.093685,0.535804
76,0.25,theta,413,-0.978832,-0.626696,0.526068
76,0.25,theta,414,-1.218795,-1.08626,0.517391
76,0.25,theta,415,0.925875,0.755638,0.560882
76,0.25,theta,416,-0.830954,-0.699069,0.522459
76,0.25,theta,417,-0.604058,-0.454503,0.521437
76,0.25,theta,418,-2.236402,-0.677408,0.532463
76,0.25,theta,419,0.103193,0.111703,0.531199
76,0.25,theta,420,-0.480591,-0.406966,0.485791
76,0.25,theta,421,-1.767396,-2.42798,0.560016
76,0.25,theta,422,0.322688,-0.531655,0.521863
76,0.25,theta,423,-1.226531,-1.35976,0.523339
76,0.25,theta,424,-0.572037,-0.827614,0.501704
76,0.25,theta,425,-0.710304,-0.556928,0.513096
76,0.25,theta,426,0.779249,0.704948,0.493339
76,0.25,theta,427,0.224524,0.003315,0.484096
76,0.25,theta,428,0.616111,0.826394,0.53574
76,0.25,theta,429,0.177,0.491246,0.529794
76,0.25,theta,430,0.498383,1.639295,0.607369
76,0.25,theta,431,-0.944844,-0.933513,0.502651
76,0.25,theta,432,-0.050789,0.530772,0.545579
76,0.25,theta,433,-0.219788,-0.331738,0.540732
76,0.25,theta,434,-0.167284,0.009844,0.475672
76,0.25,theta,435,1.764524,1.116445,0.541399
76,0.25,theta,436,0.363438,0.931239,0.546911
76,0.25,theta,437,-1.307604,-0.663674,0.490467
76,0.25,theta,438,-0.802684,-0.868889,0.482058
76,0.25,theta,439,-2.24283,-1.251035,0.493008
76,0.25,theta,440,1.517819,1.50508,0.577638
76,0.25,theta,441,-0.420495,-0.244376,0.474146
76,0.25,theta,442,-0.168807,0.090302,0.529987
76,0.25,theta,443,0.586909,0.300543,0.526064
76,0.25,theta,444,-0.803556,-0.875481,0.518964
76,0.25,theta,445,-0.797541,-0.718728,0.493369
76,0.25,theta,446,0.248276,-0.049458,0.526301
76,0.25,theta,447,0.611104,-0.286089,0.517795
76,0.25,theta,448,-0.430759,-0.159404,0.505896
76,0.25,theta,449,0.645255,0.210596,0.521169
76,0.25,theta,450,-0.52378,0.341407,0.545123
76,0.25,theta,451,-1.434475,-1.507255,0.5052
76,0.25,theta,452,0.28372,0.572591,0.512602
76,0.25,theta,453,-1.199455,-0.909893,0.472327
76,0.25,theta,454,0.539511,0.240884,0.51588
76,0.25,theta,455,0.033499,0.044924,0.513907
76,0.25,theta,456,0.508588,0.537233,0.538358
76,0.25,theta,457,0.773668,0.290088,0.508992
76,0.25,theta,458,0.850812,1.144295,0.565471
76,0.25,theta,459,1.36688,1.555175,0.574478
76,0.25,theta,460,0.583916,0.472791,0.526223
76,0.25,theta,461,0.418201,0.277848,0.517968
76,0.25,theta,462,-0.707178,-0.996144,0.515041
76,0.25,theta,463,0.42646,0.679562,0.570806
76,0.25,theta,464,0.29369,-0.045124,0.501637
76,0.25,theta,465,-0.808878,-0.660195,0.504746
76,0.25,theta,466,-0.854753,-1.17616,0.506638
76,0.25,theta,467,-0.623004,-0.296553,0.523079
76,0.25,theta,468,-0.489998,-0.657348,0.485831
76,0.25,theta,469,1.411197,0.532648,0.509474
76,0.25,theta,470,-0.265171,-0.413569,0.477094
76,0.25,theta,471,0.687684,0.510906,0.535778
76,0.25,theta,472,1.048191,0.714068,0.552495
76,0.25,theta,473,0.773057,1.665755,0.581528
76,0.25,theta,474,-0.687816,0.055719,0.477826
76,0.25,theta,475,0.767063,0.628079,0.535845
76,0.25,theta,476,0.608495,0.671958,0.524044
76,0.25,theta,477,-0.773511,-0.543682,0.482115
76,0.25,theta,478,0.623711,0.729467,0.485397
76,0.25,theta,479,1.159468,0.984379,0.55216
76,0.25,theta,480,-1.007175,-0.75837,0.48029
76,0.25,theta,481,0.402847,0.447818,0.510943
76,0.25,theta,482,-0.953148,-0.721261,0.473068
76,0.25,theta,483,0.579323,0.052674,0.500022
76,0.25,theta,484,-0.758534,-0.126107,0.527299
76,0.25,theta,485,-0.983091,0.006673,0.480594
76,0.25,theta,486,3.003415,1.75947,0.595344
76,0.25,theta,487,1.074255,1.56476,0.584459
76,0.25,theta,488,1.891948,1.19505,0.560786
76,0.25,theta,489,1.040628,0.080999,0.489452
76,0.25,theta,490,1.074516,0.121305,0.516825
76,0.25,theta,491,-0.072564,-0.320626,0.546205
76,0.25,theta,492,-0.265674,-0.064795,0.529239
76,0.25,theta,493,-1.629645,-1.748055,0.529809
76,0.25,theta,494,0.324489,0.376492,0.527795
76,0.25,theta,495,-0.082,-0.496329,0.499516
76,0.25,theta,496,-0.284192,-0.260812,0.507079
76,0.25,theta,497,-0.116874,-0.462409,0.496782
76,0.25,theta,498,-0.913546,-1.424265,0.511806
76,0.25,theta,499,1.033823,1.29503,0.586058
76,0.25,theta,500,2.091623,1.572535,0.559134
76,0.25,theta,501,0.856135,1.208745,0.586047
76,0.25,theta,502,-0.270637,0.155068,0.503067
76,0.25,theta,503,-1.049632,-0.86684,0.473008
76,0.25,theta,504,-2.461565,-1.3121,0.4963
76,0.25,theta,505,1.253098,0.449998,0.481363
76,0.25,theta,506,-1.514599,-0.900541,0.516021
76,0.25,theta,507,-0.16128,-0.79709,0.490304
76,0.25,theta,508,1.029112,1.30002,0.567163
76,0.25,theta,509,-1.350786,-0.211103,0.496722
76,0.25,theta,510,-0.407627,-1.60757,0.496772
76,0.25,theta,511,1.327075,1.486865,0.559751
76,0.25,theta,512,-0.049869,0.546755,0.543254
76,0.25,theta,513,-1.38252,-1.11949,0.486939
76,0.25,theta,514,0.218458,0.364928,0.525801
76,0.25,theta,515,-1.067717,-0.878074,0.470459
76,0.25,theta,516,1.676203,0.420412,0.557921
76,0.25,theta,517,0.281732,0.463781,0.550779
76,0.25,theta,518,-0.516137,-0.402164,0.503979
76,0.25,theta,519,-1.237835,-0.458371,0.494382
76,0.25,theta,520,0.555424,0.276787,0.498322
76,0.25,theta,521,-1.499448,-1.383755,0.502434
76,0.25,theta,522,2.094713,1.83768,0.58568
76,0.25,theta,523,-0.010938,-0.034702,0.477377
76,0.25,theta,524,-0.764345,-0.278714,0.525092
76,0.25,theta,525,-1.133711,-0.283215,0.499105
76,0.25,theta,526,-0.104559,-0.400308,0.524705
76,0.25,theta,527,-0.740265,-0.97075,0.492351
76,0.25,theta,528,-0.926528,0.099822,0.530259
76,0.25,theta,529,0.027894,0.271387,0.521011
76,0.25,theta,530,1.052519,0.875992,0.536103
76,0.25,theta,531,0.83288,0.458322,0.530541
76,0.25,theta,532,0.441753,1.181365,0.568337
76,0.25,theta,533,-0.182435,-0.657444,0.510964
76,0.25,theta,534,1.155912,0.539209,0.514209
76,0.25,theta,535,-0.787088,0.036626,0.520986
76,0.25,theta,536,0.907121,0.895646,0.547007
76,0.25,theta,537,0.542125,0.623668,0.535135
76,0.25,theta,538,0.080853,0.267316,0.460464
76,0.25,theta,539,1.455356,1.65642,0.564488
76,0.25,theta,540,-1.722454,-1.458995,0.47926
76,0.25,theta,541,-0.339244,-0.570246,0.45366
76,0.25,theta,542,0.740867,0.63212,0.536555
76,0.25,theta,543,1.437398,1.390645,0.560038
76,0.25,theta,544,-1.220272,0.064583,0.511998
76,0.25,theta,545,1.473977,1.189525,0.543637
76,0.25,theta,546,0.8501,0.399404,0.507853
76,0.25,theta,547,-0.032977,0.23193,0.531041
76,0.25,theta,548,-0.075227,-0.275425,0.525067
76,0.25,theta,549,-0.5891,-0.332795,0.542653
76,0.25,theta,550,1.246462,1.58165,0.570287
76,0.25,theta,551,0.628205,0.198524,0.506208
76,0.25,theta,552,0.967333,0.345091,0.537492
76,0.25,theta,553,0.846305,1.344955,0.576785
76,0.25,theta,554,0.626085,0.275751,0.534742
76,0.25,theta,555,0.079656,0.439232,0.529879
76,0.25,theta,556,0.349939,-0.179244,0.462509
76,0.25,theta,557,0.224683,-0.209855,0.469314
76,0.25,theta,558,0.796563,0.426025,0.534785
76,0.25,theta,559,0.150438,0.17508,0.51357
76,0.25,theta,560,-0.472673,-0.888915,0.468382
76,0.25,theta,561,-0.686145,-0.224803,0.489403
76,0.25,theta,562,0.044337,0.270366,0.532817
76,0.25,theta,563,1.567223,1.500975,0.58192
76,0.25,theta,564,-0.239193,-1.03201,0.506699
76,0.25,theta,565,0.307693,0.857905,0.548935
76,0.25,theta,566,-0.311289,-0.767376,0.525948
76,0.25,theta,567,-0.114227,-0.618272,0.510346
76,0.25,theta,568,-0.411113,-0.07784,0.517626
76,0.25,theta,569,0.059124,0.102765,0.50929
76,0.25,theta,570,0.100921,0.100166,0.501316
76,0.25,theta,571,0.704269,1.265595,0.550951
76,0.25,theta,572,-0.040373,0.060945,0.530492
76,0.25,theta,573,-0.699635,-0.19068,0.496323
76,0.25,theta,574,-1.159,-0.852885,0.522821
76,0.25,theta,575,-0.265069,-0.071231,0.492059
76,0.25,theta,576,1.587284,1.49787,0.588329
76,0.25,theta,577,2.229428,0.930438,0.541642
76,0.25,theta,578,-0.215077,0.293688,0.50805
76,0.25,theta,579,0.681738,0.592736,0.544
76,0.25,theta,580,0.26116,-0.849859,0.558816
76,0.25,theta,581,-0.302337,0.554206,0.564915
76,0.25,theta,582,0.183998,0.604013,0.525859
76,0.25,theta,583,0.849304,0.674818,0.517794
76,0.25,theta,584,-0.975993,-1.019935,0.507797
76,0.25,theta,585,0.592032,1.258815,0.56372
76,0.25,theta,586,-0.299634,-0.111357,0.513861
76,0.25,theta,587,-0.170482,-0.448701,0.511323
76,0.25,theta,588,-0.239479,-0.031711,0.471709
76,0.25,theta,589,1.517412,1.22362,0.586832
76,0.25,theta,590,2.484956,1.63728,0.593481
76,0.25,theta,591,0.883449,0.84989,0.506368
76,0.25,theta,592,0.754839,1.11853,0.538906
76,0.25,theta,593,-0.771242,-0.20642,0.519338
76,0.25,theta,594,0.234534,0.366988,0.488458
76,0.25,theta,595,1.112104,0.816676,0.522488
76,0.25,theta,596,-1.115586,-0.41232,0.462696
76,0.25,theta,597,0.815879,0.812575,0.537836
76,0.25,theta,598,0.858119,0.360846,0.523722
76,0.25,theta,599,0.880757,1.12433,0.550593
76,0.25,theta,600,1.150209,1.34501,0.556247
76,0.25,theta,601,0.902476,1.727255,0.594449
76,0.25,theta,602,-0.769295,-0.075173,0.483089
76,0.25,theta,603,-2.081347,-1.63367,0.524192
76,0.25,theta,604,-1.192328,-0.37061,0.493125
76,0.25,theta,605,-0.354443,-0.306045,0.518116
76,0.25,theta,606,-1.538588,-1.180375,0.525221
76,0.25,theta,607,-0.752998,-0.545092,0.500674
76,0.25,theta,608,0.681776,0.237626,0.520692
76,0.25,theta,609,-0.566731,0.126501,0.560237
76,0.25,theta,610,-1.456655,-0.090276,0.521048
76,0.25,theta,611,-0.097743,0.047429,0.514566
76,0.25,theta,612,-1.204769,-0.23847,0.491261
76,0.25,theta,613,-2.070197,-0.642147,0.493464
76,0.25,theta,614,1.230152,1.18668,0.549726
76,0.25,theta,615,0.366406,0.22885,0.495681
76,0.25,theta,616,-2.203782,-0.978516,0.526011
76,0.25,theta,617,0.023517,-0.062882,0.521775
76,0.25,theta,618,0.958551,0.982386,0.53565
76,0.25,theta,619,-2.248503,-1.353445,0.52243
76,0.25,theta,620,-0.119364,0.079341,0.508152
76,0.25,theta,621,-0.357893,0.774563,0.562333
76,0.25,theta,622,-0.476127,-0.046471,0.502578
76,0.25,theta,623,0.583564,0.382998,0.509275
76,0.25,theta,624,1.06748,1.309115,0.55641
76,0.25,theta,625,0.367458,1.009195,0.534049
76,0.25,theta,626,0.426731,0.7325,0.552163
76,0.25,theta,627,0.100344,0.324967,0.500493
76,0.25,theta,628,-0.398663,-0.849394,0.502893
76,0.25,theta,629,-1.096631,-0.890124,0.517347
76,0.25,theta,630,-0.499654,-0.793914,0.542702
76,0.25,theta,631,-0.387932,-0.343065,0.494064
76,0.25,theta,632,-1.015241,-0.54336,0.48456
76,0.25,theta,633,0.726781,0.321456,0.531803
76,0.25,theta,634,-0.319238,-0.594792,0.518131
76,0.25,theta,635,0.781498,1.1957,0.57073
76,0.25,theta,636,-3.491196,-2.711,0.597218
76,0.25,theta,637,-1.192081,-1.51786,0.480123
76,0.25,theta,638,-4.389203,-2.51643,0.554186
76,0.25,theta,639,0.22093,0.821822,0.503891
76,0.25,theta,640,-0.198129,0.155714,0.489072
76,0.25,theta,641,-0.416666,-0.586505,0.525014
76,0.25,theta,642,1.342213,1.15775,0.571349
76,0.25,theta,643,0.413003,0.024846,0.437393
76,0.25,theta,644,-1.413774,-0.968414,0.506719
76,0.25,theta,645,-2.552795,-2.0735,0.522112
76,0.25,theta,646,-1.653433,-1.3398,0.502218
76,0.25,theta,647,-1.725695,-1.69729,0.498512
76,0.25,theta,648,0.599536,0.622186,0.487145
76,0.25,theta,649,0.187138,-0.090395,0.51986
76,0.25,theta,650,-0.602228,-1.07252,0.522732
76,0.25,theta,651,1.232996,0.84498,0.524421
76,0.25,theta,652,1.802738,2.17206,0.588295
76,0.25,theta,653,0.15737,0.089462,0.498222
76,0.25,theta,654,0.126183,-0.011081,0.478138
76,0.25,theta,655,0.475779,0.611995,0.510188
76,0.25,theta,656,-0.507693,-0.49247,0.464641
76,0.25,theta,657,0.585037,0.339737,0.546175
76,0.25,theta,658,-0.043847,-0.105318,0.505074
76,0.25,theta,659,0.217258,0.410998,0.499799
76,0.25,theta,660,0.732754,0.511493,0.563145
76,0.25,theta,661,0.371979,-0.102756,0.528202
76,0.25,theta,662,0.377261,0.459378,0.530167
76,0.25,theta,663,-0.657493,0.264034,0.541814
76,0.25,theta,664,0.163442,-0.401137,0.455108
76,0.25,theta,665,0.503931,0.677708,0.513993
76,0.25,theta,666,-2.13524,-1.276925,0.523813
76,0.25,theta,667,-1.561071,-1.026135,0.533332
76,0.25,theta,668,1.897246,1.57294,0.587023
76,0.25,theta,669,0.293927,-0.112062,0.52879
76,0.25,theta,670,1.2823,0.445624,0.520287
76,0.25,theta,671,-1.092192,-0.405412,0.484738
76,0.25,theta,672,-0.391691,-0.58936,0.534858
76,0.25,theta,673,0.336442,0.779392,0.517815
76,0.25,theta,674,-0.96879,-1.310645,0.488254
76,0.25,theta,675,0.95455,0.92183,0.505194
76,0.25,theta,676,0.70277,0.94781,0.514202
76,0.25,theta,677,-0.822939,-0.583195,0.544398
76,0.25,theta,678,0.045175,0.07088,0.487599
76,0.25,theta,679,0.623183,1.231475,0.568946
76,0.25,theta,680,-0.439531,-0.715298,0.541806
76,0.25,theta,681,-1.450503,-1.61027,0.534743
76,0.25,theta,682,-0.998044,-0.225314,0.506621
76,0.25,theta,683,1.339961,1.573065,0.577304
76,0.25,theta,684,-0.415064,-0.258931,0.495199
76,0.25,theta,685,-0.797767,-0.719222,0.446659
76,0.25,theta,686,0.499919,0.817113,0.537394
76,0.25,theta,687,-0.456002,-1.048895,0.514809
76,0.25,theta,688,0.416648,1.041145,0.562928
76,0.25,theta,689,-0.892322,-0.173996,0.545711
76,0.25,theta,690,1.427182,1.10023,0.587534
76,0.25,theta,691,0.186476,-0.65205,0.50115
76,0.25,theta,692,-0.7027,-0.07157,0.523441
76,0.25,theta,693,-0.455707,0.067077,0.501179
76,0.25,theta,694,0.299268,-0.27056,0.482034
76,0.25,theta,695,-0.271514,-0.679013,0.48882
76,0.25,theta,696,-0.344627,-0.003044,0.538798
76,0.25,theta,697,2.255471,1.959555,0.577908
76,0.25,theta,698,0.289345,0.106218,0.523383
76,0.25,theta,699,1.464548,1.367605,0.537887
76,0.25,theta,700,0.593135,0.487202,0.508486
76,0.25,theta,701,0.261218,-0.409982,0.488313
76,0.25,theta,702,-0.521043,-0.821652,0.515184
76,0.25,theta,703,1.708852,1.405475,0.550353
76,0.25,theta,704,-0.755046,-0.646874,0.483951
76,0.25,theta,705,0.461842,1.23469,0.551498
76,0.25,theta,706,-0.811152,-0.628667,0.503445
76,0.25,theta,707,-1.548065,-1.278695,0.511518
76,0.25,theta,708,1.314785,0.223836,0.485571
76,0.25,theta,709,0.94486,0.535314,0.511973
76,0.25,theta,710,0.334654,-0.644544,0.523338
76,0.25,theta,711,-0.875714,-1.118945,0.490648
76,0.25,theta,712,-0.099052,-0.33275,0.532279
76,0.25,theta,713,-0.470236,-0.584376,0.500474
76,0.25,theta,714,-0.619931,-0.746984,0.470977
76,0.25,theta,715,-1.081683,-0.31442,0.511853
76,0.25,theta,716,-0.467009,-0.951458,0.483726
76,0.25,theta,717,1.041887,0.471385,0.527955
76,0.25,theta,718,0.532704,1.28495,0.545833
76,0.25,theta,719,1.021379,1.07568,0.545514
76,0.25,theta,720,0.552237,0.214645,0.503241
76,0.25,theta,721,1.047021,1.134785,0.564604
76,0.25,theta,722,0.140407,-0.128279,0.4903
76,0.25,theta,723,0.10281,-0.003532,0.532995
76,0.25,theta,724,3.767203,2.39141,0.62194
76,0.25,theta,725,-1.659624,-0.888754,0.525229
76,0.25,theta,726,1.128066,0.421482,0.50432
76,0.25,theta,727,-0.003046,0.02021,0.536447
76,0.25,theta,728,1.023412,0.500312,0.531435
76,0.25,theta,729,1.442559,1.776945,0.600173
76,0.25,theta,730,1.483125,0.814191,0.552717
76,0.25,theta,731,-1.024044,-0.606906,0.510737
76,0.25,theta,732,1.943096,1.029015,0.520764
76,0.25,theta,733,0.957789,0.229506,0.531378
76,0.25,theta,734,1.100135,0.951721,0.517283
76,0.25,theta,735,-1.393029,-0.644949,0.489014
76,0.25,theta,736,1.883047,1.89713,0.57077
76,0.25,theta,737,-0.192245,0.423673,0.553646
76,0.25,theta,738,-0.83328,0.350358,0.525898
76,0.25,theta,739,-2.588254,-2.0323,0.572298
76,0.25,theta,740,-0.747957,-0.466438,0.488226
76,0.25,theta,741,0.320366,-0.119506,0.515631
76,0.25,theta,742,-1.178344,-1.062365,0.509511
76,0.25,theta,743,-0.210174,-0.337288,0.46799
76,0.25,theta,744,-2.724645,-1.271045,0.496687
76,0.25,theta,745,1.549295,1.07064,0.548436
76,0.25,theta,746,0.633701,-0.435824,0.497439
76,0.25,theta,747,0.483695,-0.286543,0.523116
76,0.25,theta,748,-0.69894,-0.1277,0.5046
76,0.25,theta,749,-1.045637,-0.508284,0.506736
76,0.25,theta,750,-0.028587,0.249449,0.533581
76,0.25,theta,751,1.532323,0.72941,0.544941
76,0.25,theta,752,-0.015513,-0.069809,0.520289
76,0.25,theta,753,0.214676,-0.400032,0.486738
76,0.25,theta,754,-1.503101,-0.694672,0.467073
76,0.25,theta,755,-1.39045,-0.57615,0.486012
76,0.25,theta,756,0.029954,-0.109989,0.539183
76,0.25,theta,757,-0.931532,-0.138153,0.528015
76,0.25,theta,758,1.045247,0.53235,0.527322
76,0.25,theta,759,-0.006778,-1.127145,0.524366
76,0.25,theta,760,0.562762,0.04627,0.530794
76,0.25,theta,761,1.008632,0.541833,0.523976
76,0.25,theta,762,0.235849,0.395241,0.52895
76,0.25,theta,763,0.893797,0.781444,0.510339
76,0.25,theta,764,-2.92905,-2.04177,0.544642
76,0.25,theta,765,-0.320578,-0.735498,0.489162
76,0.25,theta,766,-0.111248,-0.828696,0.50468
76,0.25,theta,767,1.137886,0.432435,0.525493
76,0.25,theta,768,-1.651276,-0.684348,0.533865
76,0.25,theta,769,-0.380258,0.017068,0.506694
76,0.25,theta,770,-0.412057,-0.75279,0.506396
76,0.25,theta,771,-0.477818,-0.571146,0.468828
76,0.25,theta,772,0.828369,1.1279,0.555584
76,0.25,theta,773,0.530671,0.631154,0.509498
76,0.25,theta,774,-1.515336,-0.506828,0.494366
76,0.25,theta,775,-0.839905,-0.578902,0.467592
76,0.25,theta,776,-0.003009,-0.345293,0.513847
76,0.25,theta,777,0.032174,0.442618,0.520732
76,0.25,theta,778,1.129896,0.682118,0.559989
76,0.25,theta,779,1.293768,0.841006,0.534436
76,0.25,theta,780,-0.63528,-0.840885,0.486142
76,0.25,theta,781,-1.326164,-0.275874,0.496657
76,0.25,theta,782,1.302733,0.909408,0.549399
76,0.25,theta,783,-0.309042,-0.981701,0.483983
76,0.25,theta,784,0.750828,0.811303,0.548983
76,0.25,theta,785,-0.154087,0.258524,0.484419
76,0.25,theta,786,-0.591227,-0.459476,0.548038
76,0.25,theta,787,0.006527,-0.711356,0.479619
76,0.25,theta,788,1.038649,0.796604,0.54227
76,0.25,theta,789,0.046674,0.070861,0.508827
76,0.25,theta,790,-0.521661,0.01583,0.542223
76,0.25,theta,791,0.791904,0.187835,0.491512
76,0.25,theta,792,-0.990532,0.862132,0.535986
76,0.25,theta,793,0.429436,0.784852,0.564005
76,0.25,theta,794,-1.877093,-1.405055,0.524688
76,0.25,theta,795,0.104255,0.646141,0.516347
76,0.25,theta,796,-1.091213,-0.324178,0.492922
76,0.25,theta,797,0.132201,-0.449819,0.537299
76,0.25,theta,798,-0.549896,0.341358,0.502139
76,0.25,theta,799,-1.200782,-1.38433,0.501214
76,0.25,theta,800,0.579268,0.403294,0.505126
76,0.25,theta,801,-0.426956,-0.895776,0.496722
76,0.25,theta,802,0.69502,0.968854,0.524451
76,0.25,theta,803,0.301353,0.35894,0.528689
76,0.25,theta,804,-0.717196,-0.835304,0.513994
76,0.25,theta,805,0.154604,0.062551,0.535533
76,0.25,theta,806,0.23721,0.254078,0.520571
76,0.25,theta,807,0.605832,1.37837,0.538355
76,0.25,theta,808,1.488462,1.419975,0.578459
76,0.25,theta,809,0.53337,0.65934,0.508135
76,0.25,theta,810,0.499634,0.037325,0.539241
76,0.25,theta,811,0.082897,0.19282,0.525692
76,0.25,theta,812,1.396619,0.923314,0.570833
76,0.25,theta,813,0.048724,-0.570292,0.50826
76,0.25,theta,814,0.076315,0.695578,0.545442
76,0.25,theta,815,1.389757,1.982255,0.566767
76,0.25,theta,816,1.75881,1.37421,0.566866
76,0.25,theta,817,-0.360242,0.140594,0.517085
76,0.25,theta,818,0.357321,0.437806,0.527294
76,0.25,theta,819,-0.016024,0.238069,0.507892
76,0.25,theta,820,-1.199446,-0.158385,0.477657
76,0.25,theta,821,-0.23208,-0.06866,0.496686
76,0.25,theta,822,0.854179,0.468974,0.530058
76,0.25,theta,823,0.948415,1.1496,0.521428
76,0.25,theta,824,-0.819041,-0.50365,0.495123
76,0.25,theta,825,-0.600499,-0.060712,0.473202
76,0.25,theta,826,0.065145,0.22842,0.532794
76,0.25,theta,827,-1.184679,-1.25733,0.513076
76,0.25,theta,828,-0.837016,-0.969815,0.478786
76,0.25,theta,829,-1.200642,-1.180725,0.52422
76,0.25,theta,830,0.778676,0.634352,0.537473
76,0.25,theta,831,0.560336,-0.073341,0.514295
76,0.25,theta,832,1.364716,0.928826,0.545538
76,0.25,theta,833,-0.063128,-0.014496,0.512151
76,0.25,theta,834,0.865402,0.748494,0.521494
76,0.25,theta,835,-0.286818,0.057522,0.500232
76,0.25,theta,836,0.161133,-0.768692,0.518207
76,0.25,theta,837,-0.338403,-0.902869,0.530539
76,0.25,theta,838,-0.107718,-0.408213,0.529585
76,0.25,theta,839,0.949624,1.357205,0.579125
76,0.25,theta,840,0.253301,0.183462,0.505942
76,0.25,theta,841,1.956493,2.043765,0.603877
76,0.25,theta,842,0.02218,-0.532055,0.538819
76,0.25,theta,843,-0.595509,0.709564,0.542052
76,0.25,theta,844,1.273977,1.116405,0.579292
76,0.25,theta,845,0.620663,-0.018372,0.484464
76,0.25,theta,846,0.241701,0.315174,0.513333
76,0.25,theta,847,-0.174096,-0.0415,0.494477
76,0.25,theta,848,-0.343432,-0.684726,0.500456
76,0.25,theta,849,-1.56451,-1.521435,0.502106
76,0.25,theta,850,-0.16356,0.089724,0.509771
76,0.25,theta,851,-0.747858,-0.861638,0.474567
76,0.25,theta,852,0.239061,-0.512776,0.488308
76,0.25,theta,853,0.501737,-0.243656,0.49119
76,0.25,theta,854,-0.188093,-0.521,0.51327
76,0.25,theta,855,1.415738,1.25529,0.553263
76,0.25,theta,856,-2.763277,-2.35287,0.55241
76,0.25,theta,857,-1.275772,-0.947051,0.515107
76,0.25,theta,858,-0.930443,0.038083,0.501786
76,0.25,theta,859,0.383521,0.618054,0.531339
76,0.25,theta,860,-1.33237,-0.607853,0.539195
76,0.25,theta,861,-0.923125,-0.551248,0.518345
76,0.25,theta,862,-0.738259,-1.414735,0.501384
76,0.25,theta,863,-1.107049,-0.564755,0.484511
76,0.25,theta,864,-0.736268,-0.170088,0.494479
76,0.25,theta,865,-0.630646,-0.186944,0.486736
76,0.25,theta,866,0.283944,0.54278,0.483379
76,0.25,theta,867,-0.167202,-0.751543,0.493859
76,0.25,theta,868,0.090727,-0.429987,0.510281
76,0.25,theta,869,0.689902,0.672191,0.528682
76,0.25,theta,870,-0.517672,-0.908205,0.518212
76,0.25,theta,871,-0.701499,-1.64684,0.52956
76,0.25,theta,872,1.166982,0.496698,0.549274
76,0.25,theta,873,0.127678,0.526309,0.518018
76,0.25,theta,874,-1.058264,-1.649315,0.516503
76,0.25,theta,875,1.775223,0.841264,0.560389
76,0.25,theta,876,0.861664,0.76571,0.523988
76,0.25,theta,877,1.604403,1.102565,0.570491
76,0.25,theta,878,-0.360784,0.441715,0.56541
76,0.25,theta,879,1.780337,0.989172,0.548396
76,0.25,theta,880,0.876801,1.510845,0.588866
76,0.25,theta,881,1.004684,0.947436,0.553235
76,0.25,theta,882,-0.01556,0.181084,0.516965
76,0.25,theta,883,-0.411593,0.088241,0.525181
76,0.25,theta,884,-1.995985,-1.02213,0.508827
76,0.25,theta,885,0.32215,-0.531256,0.494591
76,0.25,theta,886,-1.003937,-1.32428,0.506146
76,0.25,theta,887,0.417664,0.393633,0.519855
76,0.25,theta,888,0.804605,0.855172,0.572949
76,0.25,theta,889,-1.621812,-1.7627,0.513251
76,0.25,theta,890,0.043755,0.447736,0.519005
76,0.25,theta,891,-0.794264,-0.562671,0.533719
76,0.25,theta,892,-1.136877,-0.215007,0.518557
76,0.25,theta,893,-0.05969,0.057834,0.477694
76,0.25,theta,894,-0.420145,-0.563083,0.511496
76,0.25,theta,895,-1.302197,0.335548,0.515743
76,0.25,theta,896,-0.39956,-0.435014,0.503201
76,0.25,theta,897,0.050169,-0.146702,0.497746
76,0.25,theta,898,1.238011,0.98972,0.560055
76,0.25,theta,899,1.389663,-0.003268,0.504505
76,0.25,theta,900,-0.078652,0.668916,0.511292
76,0.25,theta,901,0.536703,-0.191236,0.509495
76,0.25,theta,902,-0.832426,-1.71911,0.512801
76,0.25,theta,903,0.569762,0.119172,0.473695
76,0.25,theta,904,-0.611732,-0.234284,0.540201
76,0.25,theta,905,-0.593417,-0.876258,0.475168
76,0.25,theta,906,-0.946279,-0.150847,0.497354
76,0.25,theta,907,0.996771,0.027936,0.533857
76,0.25,theta,908,-1.611783,-1.224965,0.521979
76,0.25,theta,909,0.864436,0.014667,0.505177
76,0.25,theta,910,0.835076,0.813205,0.5163
76,0.25,theta,911,-2.016261,-0.897337,0.522418
76,0.25,theta,912,-0.553763,-0.24038,0.542973
76,0.25,theta,913,-0.80784,-0.426712,0.477945
76,0.25,theta,914,-2.209363,-0.14715,0.498896
76,0.25,theta,915,2.349281,0.948996,0.526073
76,0.25,theta,916,0.945435,0.84138,0.560556
76,0.25,theta,917,1.087888,0.592854,0.514122
76,0.25,theta,918,-0.019408,-0.609394,0.489293
76,0.25,theta,919,0.719472,1.38221,0.546567
76,0.25,theta,920,1.959132,1.17542,0.558502
76,0.25,theta,921,-1.536602,0.020634,0.498645
76,0.25,theta,922,0.853963,0.621042,0.527257
76,0.25,theta,923,0.105861,0.361616,0.466765
76,0.25,theta,924,0.758732,0.4381,0.533286
76,0.25,theta,925,1.684021,0.601224,0.528733
76,0.25,theta,926,-0.324135,-0.102617,0.511368
76,0.25,theta,927,-0.280155,-0.824915,0.470762
76,0.25,theta,928,-0.446261,-0.200684,0.518874
76,0.25,theta,929,-0.369067,-0.047348,0.52596
76,0.25,theta,930,0.480555,-0.07998,0.529922
76,0.25,theta,931,-0.599376,-1.37241,0.503668
76,0.25,theta,932,-0.919835,-0.183599,0.51714
76,0.25,theta,933,0.131958,0.167402,0.487504
76,0.25,theta,934,-1.176304,-1.54162,0.520681
76,0.25,theta,935,0.187312,-0.612798,0.48312
76,0.25,theta,936,-0.042672,-0.624724,0.456017
76,0.25,theta,937,-0.843486,-0.807796,0.501901
76,0.25,theta,938,-2.191223,-1.24414,0.517735
76,0.25,theta,939,0.269237,1.40921,0.584825
76,0.25,theta,940,-0.102998,-0.463776,0.503534
76,0.25,theta,941,1.454492,1.580465,0.601481
76,0.25,theta,942,-0.847727,-0.771349,0.507559
76,0.25,theta,943,2.943773,1.055335,0.545815
76,0.25,theta,944,0.196616,0.342298,0.491961
76,0.25,theta,945,-0.503283,-0.49555,0.476314
76,0.25,theta,946,-0.723948,-1.01096,0.466884
76,0.25,theta,947,0.545049,0.797224,0.535898
76,0.25,theta,948,-1.544328,-0.951174,0.493227
76,0.25,theta,949,-0.076759,-0.198405,0.538049
76,0.25,theta,950,-0.871115,-0.015122,0.489511
76,0.25,theta,951,2.197168,1.2692,0.5395
76,0.25,theta,952,1.257305,1.291265,0.548825
76,0.25,theta,953,1.500698,1.48483,0.562203
76,0.25,theta,954,-1.134275,-0.19606,0.500531
76,0.25,theta,955,-1.53262,-1.021055,0.507917
76,0.25,theta,956,2.145592,1.465835,0.554312
76,0.25,theta,957,1.26594,0.985646,0.576842
76,0.25,theta,958,1.243346,1.038945,0.544535
76,0.25,theta,959,-0.917999,-0.055476,0.514284
76,0.25,theta,960,1.224277,1.364145,0.550246
76,0.25,theta,961,0.821812,0.355673,0.51614
76,0.25,theta,962,1.002031,1.310655,0.522625
76,0.25,theta,963,-0.872669,-1.24461,0.493256
76,0.25,theta,964,-0.580016,-0.134969,0.510145
76,0.25,theta,965,-0.654742,-0.485234,0.493108
76,0.25,theta,966,-1.083241,-0.176658,0.525006
76,0.25,theta,967,-1.6794,-1.308365,0.532717
76,0.25,theta,968,0.70856,1.84573,0.592615
76,0.25,theta,969,-0.328376,-0.439287,0.504345
76,0.25,theta,970,-0.282721,-0.586987,0.406108
76,0.25,theta,971,0.005306,0.302342,0.51655
76,0.25,theta,972,-0.324342,-1.15422,0.493175
76,0.25,theta,973,-0.057861,0.11604,0.525469
76,0.25,theta,974,1.387774,1.116945,0.544513
76,0.25,theta,975,1.391474,0.147564,0.504602
76,0.25,theta,976,-0.377231,-0.531828,0.487019
76,0.25,theta,977,0.394167,-0.116431,0.495357
76,0.25,theta,978,1.434437,1.188925,0.554502
76,0.25,theta,979,-2.067569,-1.561255,0.539312
76,0.25,theta,980,-0.439668,-0.425436,0.530001
76,0.25,theta,981,-0.462151,0.349252,0.494713
76,0.25,theta,982,-0.673957,0.095876,0.499392
76,0.25,theta,983,-0.052387,0.230608,0.545801
76,0.25,theta,984,-0.241467,-1.70977,0.529674
76,0.25,theta,985,0.06653,0.099244,0.542907
76,0.25,theta,986,-2.075216,-1.41272,0.499093
76,0.25,theta,987,-0.505992,0.210306,0.522991
76,0.25,theta,988,1.614031,1.779295,0.59463
76,0.25,theta,989,-1.837766,-1.51355,0.545719
76,0.25,theta,990,1.606169,1.35978,0.582276
76,0.25,theta,991,-2.254688,-1.8078,0.519627
76,0.25,theta,992,0.20515,0.669432,0.49982
76,0.25,theta,993,0.888137,0.810239,0.532985
76,0.25,theta,994,-0.352924,-0.036008,0.51275
76,0.25,theta,995,1.398401,0.993867,0.530833
76,0.25,theta,996,-0.827634,-1.338955,0.499338
76,0.25,theta,997,0.651142,-0.464884,0.496295
76,0.25,theta,998,0.252413,0.565942,0.479668
76,0.25,theta,999,-0.727423,-1.491575,0.528608
76,0.25,theta,1000,0.966922,0.796769,0.549727
76,0.25,theta,1001,0.413849,0.343673,0.505949
76,0.25,theta,1002,0.445193,0.792827,0.520871
76,0.25,theta,1003,-0.500746,-0.608948,0.51105
76,0.25,theta,1004,0.497611,0.816922,0.530482
76,0.25,theta,1005,0.127675,0.374648,0.505681
76,0.25,theta,1006,-1.03224,-0.824579,0.504551
76,0.25,theta,1007,1.195835,0.82628,0.566884
76,0.25,theta,1008,0.635093,0.680107,0.585464
76,0.25,theta,1009,0.48827,0.23682,0.482715
76,0.25,theta,1010,2.254254,1.77903,0.578948
76,0.25,theta,1011,0.6512,0.454558,0.515931
76,0.25,theta,1012,1.049402,0.602744,0.538609
76,0.25,theta,1013,1.066882,1.144215,0.560558
76,0.25,theta,1014,0.65743,-0.078912,0.516229
76,0.25,theta,1015,-0.741183,-0.630934,0.511034
76,0.25,theta,1016,0.24004,0.534096,0.52391
76,0.25,theta,1017,0.630676,0.93369,0.537984
76,0.25,theta,1018,-0.639572,-0.87517,0.513098
76,0.25,theta,1019,-0.672885,-0.812339,0.511442
76,0.25,theta,1020,-0.404923,-0.337617,0.446898
76,0.25,theta,1021,-2.788467,-1.94704,0.535911
76,0.25,theta,1022,0.901903,0.622595,0.523411
76,0.25,theta,1023,-0.250163,-0.284636,0.4714
76,0.25,theta,1024,0.031757,0.487406,0.522398
76,0.25,theta,1025,1.407142,0.949748,0.536746
76,0.25,theta,1026,-0.515016,-0.539333,0.517417
76,0.25,theta,1027,0.325245,-0.574148,0.491049
76,0.25,theta,1028,-0.332223,0.580732,0.541626
76,0.25,theta,1029,-0.336525,-0.060085,0.552336
76,0.25,theta,1030,-1.084587,-0.921487,0.528491
76,0.25,theta,1031,0.490374,-0.522097,0.491747
76,0.25,theta,1032,-0.3951,-0.359684,0.485664
76,0.25,theta,1033,0.451667,-0.012753,0.537513
76,0.25,theta,1034,1.493171,0.922978,0.542017
76,0.25,theta,1035,1.563828,1.73757,0.585995
76,0.25,theta,1036,0.388659,0.499268,0.502625
76,0.25,theta,1037,-0.950729,-0.447903,0.487981
76,0.25,theta,1038,1.18968,0.327162,0.495906
76,0.25,theta,1039,-0.324295,0.225058,0.519651
76,0.25,theta,1040,-1.120719,-0.57051,0.547504
76,0.25,theta,1041,-1.00704,-1.00161,0.466222
76,0.25,theta,1042,0.161225,0.227476,0.528539
76,0.25,theta,1043,0.901436,0.621436,0.557614
76,0.25,theta,1044,0.226003,0.370178,0.555016
76,0.25,theta,1045,-0.067187,-0.584665,0.511974
76,0.25,theta,1046,-0.073078,-0.521956,0.476075
76,0.25,theta,1047,0.055098,0.290582,0.54017
76,0.25,theta,1048,-0.499344,-0.263076,0.52341
76,0.25,theta,1049,-0.127326,-0.69988,0.497067
76,0.25,theta,1050,-1.032115,-1.24303,0.500951
76,0.25,theta,1051,-0.464023,0.091121,0.486
76,0.25,theta,1052,-0.452351,-0.073439,0.468407
76,0.25,theta,1053,1.549105,1.54253,0.552704
76,0.25,theta,1054,-0.94204,-0.712285,0.474059
76,0.25,theta,1055,0.565468,0.276637,0.491287
76,0.25,theta,1056,-0.387344,0.68098,0.534281
76,0.25,theta,1057,-0.365852,-0.587995,0.500447
76,0.25,theta,1058,0.256544,0.649364,0.523223
76,0.25,theta,1059,-0.023195,0.907624,0.534878
76,0.25,theta,1060,-1.189823,-0.62519,0.518347
76,0.25,theta,1061,-1.211397,-0.221071,0.553341
76,0.25,theta,1062,1.137025,1.2105,0.589713
76,0.25,theta,1063,0.458764,0.301978,0.515572
76,0.25,theta,1064,1.393565,0.812171,0.567872
76,0.25,theta,1065,-0.791377,-0.708352,0.52249
76,0.25,theta,1066,-0.977865,-0.413191,0.512683
76,0.25,theta,1067,1.191573,0.750553,0.527692
76,0.25,theta,1068,-0.34629,-0.202578,0.530171
76,0.25,theta,1069,0.124671,-0.383836,0.512476
76,0.25,theta,1070,-0.134839,-0.373171,0.509299
76,0.25,theta,1071,-1.067124,-0.392314,0.468865
76,0.25,theta,1072,-0.436014,-0.525184,0.486415
76,0.25,theta,1073,-0.544761,0.080604,0.509523
76,0.25,theta,1074,1.756123,1.501865,0.572551
76,0.25,theta,1075,-0.193968,0.016311,0.466769
76,0.25,theta,1076,-0.281242,-0.157473,0.505872
76,0.25,theta,1077,-0.817046,0.145152,0.493017
76,0.25,theta,1078,-1.901435,-0.622472,0.483366
76,0.25,theta,1079,-0.95342,-0.323831,0.529542
76,0.25,theta,1080,1.171539,0.784551,0.55599
76,0.25,theta,1081,1.813251,1.24192,0.543046
76,0.25,theta,1082,-0.828407,-0.855956,0.502152
76,0.25,theta,1083,-1.817125,-1.25492,0.521082
76,0.25,theta,1084,0.388233,0.306799,0.512982
76,0.25,theta,1085,-1.197232,-1.36763,0.509748
76,0.25,theta,1086,-0.557931,0.047263,0.526599
76,0.25,theta,1087,0.771566,0.426013,0.523795
76,0.25,theta,1088,-1.597817,-1.29978,0.509974
76,0.25,theta,1089,1.16229,0.98661,0.555624
76,0.25,theta,1090,1.526259,0.88845,0.529589
76,0.25,theta,1091,-1.908378,-1.975805,0.530515
76,0.25,theta,1092,-0.725694,-0.044496,0.501919
76,0.25,theta,1093,-1.691778,-0.008564,0.483383
76,0.25,theta,1094,1.280736,0.914006,0.545072
76,0.25,theta,1095,0.509001,0.024044,0.499168
76,0.25,theta,1096,0.147267,-0.867506,0.50186
76,0.25,theta,1097,-0.879283,-1.12589,0.447443
76,0.25,theta,1098,-0.712583,-0.671829,0.467642
76,0.25,theta,1099,-0.957788,-1.0095,0.535021
76,0.25,theta,1100,-0.678855,-0.726862,0.485476
76,0.25,theta,1101,0.315046,-0.57802,0.549254
76,0.25,theta,1102,0.711072,0.796219,0.532412
76,0.25,theta,1103,-0.182952,-0.035207,0.477222
76,0.25,theta,1104,0.702545,0.346192,0.542365
76,0.25,theta,1105,0.02333,-0.084285,0.508688
76,0.25,theta,1106,-0.830689,-0.402092,0.529379
76,0.25,theta,1107,1.022494,0.510305,0.51452
76,0.25,theta,1108,-0.421336,-0.7901,0.485104
76,0.25,theta,1109,-2.070069,-1.055295,0.503547
76,0.25,theta,1110,0.377365,0.818116,0.524057
76,0.25,theta,1111,0.066137,0.242008,0.516451
76,0.25,theta,1112,0.31224,0.285256,0.51594
76,0.25,theta,1113,-0.702449,-0.702622,0.495328
76,0.25,theta,1114,0.464994,0.279886,0.532718
76,0.25,theta,1115,0.213201,0.288366,0.528381
76,0.25,theta,1116,1.318486,0.739499,0.539013
76,0.25,theta,1117,-0.477127,-0.339182,0.491399
76,0.25,theta,1118,-0.754252,-2.14165,0.572395
76,0.25,theta,1119,-0.432258,-0.878701,0.491753
76,0.25,theta,1120,-0.315013,-0.451058,0.502702
76,0.25,theta,1121,1.094543,0.946196,0.536035
76,0.25,theta,1122,1.046372,0.668162,0.52615
76,0.25,theta,1123,0.027693,0.584808,0.545938
76,0.25,theta,1124,-0.679974,-0.153736,0.506673
76,0.25,theta,1125,0.913157,0.904149,0.545839
76,0.25,theta,1126,0.854733,0.683434,0.521695
76,0.25,theta,1127,-0.647643,-1.42997,0.521095
76,0.25,theta,1128,-0.301686,-1.069925,0.510522
76,0.25,theta,1129,0.225135,0.71282,0.546394
76,0.25,theta,1130,1.507185,1.435375,0.602081
76,0.25,theta,1131,-0.291607,-0.217424,0.443966
76,0.25,theta,1132,-0.904742,-0.92382,0.497048
76,0.25,theta,1133,-0.445321,-0.471048,0.480169
76,0.25,theta,1134,0.772409,0.171442,0.505812
76,0.25,theta,1135,-0.224403,-0.227046,0.506126
76,0.25,theta,1136,0.213811,0.046924,0.517459
76,0.25,theta,1137,-1.098,-1.846815,0.54279
76,0.25,theta,1138,0.025067,-0.901603,0.48126
76,0.25,theta,1139,1.599505,0.711179,0.534759
76,0.25,theta,1140,0.375699,0.763242,0.54011
76,0.25,theta,1141,-0.56233,-0.297116,0.46966
76,0.25,theta,1142,-0.274361,-0.910208,0.470532
76,0.25,theta,1143,-0.072263,0.041722,0.567164
76,0.25,theta,1144,0.638409,1.113805,0.507293
76,0.25,theta,1145,1.090318,1.129075,0.552336
76,0.25,theta,1146,0.023081,-0.16855,0.485392
76,0.25,theta,1147,-2.043601,-1.834055,0.540816
76,0.25,theta,1148,1.025257,0.997518,0.552858
76,0.25,theta,1149,1.46997,0.58737,0.498688
76,0.25,theta,1150,-0.814027,-1.502055,0.519787
76,0.25,theta,1151,0.21862,0.046786,0.512374
76,0.25,theta,1152,1.544704,1.114845,0.53829
76,0.25,theta,1153,-0.420482,-0.560746,0.477189
76,0.25,theta,1154,-0.310355,-0.046034,0.471739
76,0.25,theta,1155,-0.890213,-0.963359,0.441807
76,0.25,theta,1156,0.235132,0.314932,0.530293
76,0.25,theta,1157,-1.05002,0.189498,0.511193
76,0.25,theta,1158,1.58351,0.271461,0.51945
76,0.25,theta,1159,-0.369628,-0.498303,0.506671
76,0.25,theta,1160,0.598716,1.070885,0.567507
76,0.25,theta,1161,0.830858,0.124904,0.533014
76,0.25,theta,1162,0.077088,-0.411371,0.517235
76,0.25,theta,1163,-0.513113,-1.03431,0.472531
76,0.25,theta,1164,1.72354,1.58629,0.582699
76,0.25,theta,1165,-0.236513,-0.61873,0.511013
76,0.25,theta,1166,-1.226481,-0.850531,0.516095
76,0.25,theta,1167,1.321611,1.039145,0.54933
76,0.25,theta,1168,0.427488,0.645006,0.518349
76,0.25,theta,1169,-0.710149,-0.84296,0.501199
76,0.25,theta,1170,0.225826,-0.236455,0.489961
76,0.25,theta,1171,0.958301,0.840658,0.538497
76,0.25,theta,1172,0.240293,0.255552,0.530288
76,0.25,theta,1173,-0.367245,0.198507,0.509669
76,0.25,theta,1174,1.456198,1.389265,0.558356
76,0.25,theta,1175,-1.434836,-1.30955,0.496828
76,0.25,theta,1176,2.097088,1.3136,0.54668
76,0.25,theta,1177,0.844654,0.70168,0.517906
76,0.25,theta,1178,-0.718557,-1.69085,0.520705
76,0.25,theta,1179,0.865625,-0.067928,0.48999
76,0.25,theta,1180,-0.048087,-0.164377,0.50094
76,0.25,theta,1181,-0.603084,-0.480316,0.507416
76,0.25,theta,1182,0.235475,-0.112079,0.520533
76,0.25,theta,1183,0.02454,-0.181232,0.554509
76,0.25,theta,1184,-2.54267,-2.11392,0.548258
76,0.25,theta,1185,0.958,1.70075,0.602231
76,0.25,theta,1186,0.252037,0.246923,0.539571
76,0.25,theta,1187,-0.818622,0.008361,0.493885
76,0.25,theta,1188,-0.880894,-1.30858,0.52409
76,0.25,theta,1189,1.038463,0.741508,0.575132
76,0.25,theta,1190,1.786364,1.832045,0.601313
76,0.25,theta,1191,-0.039352,0.365332,0.497295
76,0.25,theta,1192,-1.515631,-1.45171,0.516281
76,0.25,theta,1193,0.76964,0.416489,0.539867
76,0.25,theta,1194,0.231481,0.090943,0.491882
76,0.25,theta,1195,0.546898,0.785957,0.524915
76,0.25,theta,1196,-0.473719,-0.624832,0.508943
76,0.25,theta,1197,1.937662,1.279945,0.552402
76,0.25,theta,1198,-0.640713,-0.258914,0.559306
76,0.25,theta,1199,0.289097,0.885639,0.556899
76,0.25,theta,1200,1.976102,1.37317,0.557021
76,0.25,theta,1201,0.05361,-0.29085,0.51435
76,0.25,theta,1202,0.384063,0.624811,0.522123
76,0.25,theta,1203,0.22282,0.056899,0.552277
76,0.25,theta,1204,0.608691,-0.165858,0.507315
76,0.25,theta,1205,-0.97867,-0.905734,0.481463
76,0.25,theta,1206,0.273452,0.864535,0.553641
76,0.25,theta,1207,-1.984059,-1.38169,0.52844
76,0.25,theta,1208,1.247935,0.237784,0.478634
76,0.25,theta,1209,-0.213882,-0.546548,0.45796
76,0.25,theta,1210,-0.482911,-0.279287,0.507992
76,0.25,theta,1211,0.687815,1.17483,0.586952
76,0.25,theta,1212,0.233123,0.101413,0.469272
76,0.25,theta,1213,-0.663576,-0.88089,0.496778
76,0.25,theta,1214,1.42366,1.59808,0.591724
76,0.25,theta,1215,-2.388267,-1.29233,0.502145
76,0.25,theta,1216,-0.964918,-0.65813,0.539074
76,0.25,theta,1217,0.527505,-0.227649,0.490536
76,0.25,theta,1218,1.63907,0.922808,0.56975
76,0.25,theta,1219,-0.545712,-0.889851,0.481003
76,0.25,theta,1220,-2.352666,-1.844015,0.514238
76,0.25,theta,1221,0.817363,0.355044,0.5575
76,0.25,theta,1222,0.935448,1.20239,0.570495
76,0.25,theta,1223,-0.538043,-0.906562,0.509946
76,0.25,theta,1224,-2.134853,-1.538895,0.519321
76,0.25,theta,1225,0.708117,0.329886,0.504711
76,0.25,theta,1226,-0.098009,-0.594834,0.569998
76,0.25,theta,1227,-0.640353,-0.332118,0.532074
76,0.25,theta,1228,-0.717709,-0.798066,0.470334
76,0.25,theta,1229,0.180952,-0.248874,0.48506
76,0.25,theta,1230,-1.401806,-0.739236,0.528047
76,0.25,theta,1231,1.719063,0.782423,0.550786
76,0.25,theta,1232,-1.269635,-1.214525,0.478385
76,0.25,theta,1233,1.120592,1.38443,0.540018
76,0.25,theta,1234,-1.606081,-1.18386,0.530557
76,0.25,theta,1235,-1.650098,-1.168585,0.510783
76,0.25,theta,1236,0.164568,0.524186,0.524934
76,0.25,theta,1237,-0.297881,-0.001501,0.523504
76,0.25,theta,1238,-1.854948,-1.43615,0.504732
76,0.25,theta,1239,-0.375803,0.409887,0.543472
76,0.25,theta,1240,0.007975,0.035503,0.473014
76,0.25,theta,1241,0.980073,0.051222,0.50471
76,0.25,theta,1242,-1.176585,-0.83397,0.462004
76,0.25,theta,1243,0.541948,0.013383,0.506964
76,0.25,theta,1244,1.153914,0.865102,0.533884
76,0.25,theta,1245,0.078768,-0.016462,0.503006
76,0.25,theta,1246,-0.128907,0.507961,0.51776
76,0.25,theta,1247,0.809343,0.913253,0.534629
76,0.25,theta,1248,0.090839,0.756424,0.511891
76,0.25,theta,1249,-0.475468,-0.230837,0.500495
76,0.25,theta,1250,0.583014,0.522755,0.538817
76,0.25,theta,1251,0.795385,0.370706,0.522305
76,0.25,theta,1252,-1.27025,-0.859297,0.440628
76,0.25,theta,1253,-0.470953,-0.492179,0.522919
76,0.25,theta,1254,2.076189,1.000615,0.557137
76,0.25,theta,1255,-0.177664,0.176798,0.480469
76,0.25,theta,1256,-1.065677,-0.311301,0.486074
76,0.25,theta,1257,0.228449,0.005117,0.515432
76,0.25,theta,1258,-1.011733,-0.233525,0.52669
76,0.25,theta,1259,0.45392,-0.362334,0.519025
76,0.25,theta,1260,-0.153702,-0.554144,0.497219
76,0.25,theta,1261,-0.766159,-0.646564,0.505035
76,0.25,theta,1262,0.355348,1.058,0.549853
76,0.25,theta,1263,-2.596994,-2.507635,0.54744
76,0.25,theta,1264,0.083078,0.259951,0.512084
76,0.25,theta,1265,0.89168,0.177921,0.497573
76,0.25,theta,1266,-0.275849,0.234381,0.496844
76,0.25,theta,1267,-1.697483,-1.316965,0.499937
76,0.25,theta,1268,-0.608299,-1.07658,0.469632
76,0.25,theta,1269,-0.296957,-0.085413,0.525621
76,0.25,theta,1270,0.538214,0.59774,0.504549
76,0.25,theta,1271,-0.817038,-0.685878,0.50727
76,0.25,theta,1272,0.919515,0.1496,0.553298
76,0.25,theta,1273,1.649717,1.107165,0.524368
76,0.25,theta,1274,-3.035107,-2.275455,0.56753
76,0.25,theta,1275,0.27853,0.649505,0.505569
76,0.25,theta,1276,0.469422,0.483091,0.524417
76,0.25,theta,1277,0.02029,-0.502565,0.468242
76,0.25,theta,1278,-0.105241,-0.49641,0.525331
76,0.25,theta,1279,-0.793585,-0.528418,0.478817
76,0.25,theta,1280,-1.050519,-1.12782,0.504964
76,0.25,theta,1281,-1.18624,0.11977,0.506347
76,0.25,theta,1282,-0.666505,-0.979728,0.507556
76,0.25,theta,1283,-1.21816,-1.052005,0.53656
76,0.25,theta,1284,0.748372,0.811866,0.562297
76,0.25,theta,1285,-2.134461,-1.182325,0.493078
76,0.25,theta,1286,-0.581376,-1.146225,0.473686
76,0.25,theta,1287,-1.264736,-0.893348,0.505436
76,0.25,theta,1288,-1.267923,-1.22833,0.510185
76,0.25,theta,1289,0.208976,0.491809,0.541778
76,0.25,theta,1290,-0.436818,-0.319886,0.503764
76,0.25,theta,1291,0.094831,-0.294532,0.50156
76,0.25,theta,1292,1.256595,1.30568,0.546063
76,0.25,theta,1293,-1.348842,-1.07004,0.502928
76,0.25,theta,1294,-0.87659,-0.831311,0.522268
76,0.25,theta,1295,-0.786268,-0.474858,0.520766
76,0.25,theta,1296,-0.449974,-0.66202,0.486261
76,0.25,theta,1297,0.173402,-0.004067,0.483622
76,0.25,theta,1298,-0.652606,-0.323766,0.559138
76,0.25,theta,1299,0.409989,0.640445,0.50309
76,0.25,theta,1300,1.094688,0.480563,0.530855
76,0.25,theta,1301,0.807719,0.230788,0.507466
76,0.25,theta,1302,-0.168949,0.240875,0.536127
76,0.25,theta,1303,-0.122617,-0.40042,0.496568
76,0.25,theta,1304,1.222346,0.443525,0.515822
76,0.25,theta,1305,-0.091366,-0.45811,0.513466
76,0.25,theta,1306,0.668512,0.030699,0.465837
76,0.25,theta,1307,-0.024967,0.245703,0.485453
76,0.25,theta,1308,-1.245223,-1.319585,0.511045
76,0.25,theta,1309,1.287616,1.21033,0.581927
76,0.25,theta,1310,0.243403,0.868166,0.533657
76,0.25,theta,1311,1.19313,0.629034,0.509372
76,0.25,theta,1312,1.017256,0.617314,0.532952
76,0.25,theta,1313,1.114845,1.28321,0.567664
76,0.25,theta,1314,-0.466221,-0.382451,0.495182
76,0.25,theta,1315,1.085473,0.277663,0.521306
76,0.25,theta,1316,0.320227,0.785706,0.527851
76,0.25,theta,1317,-0.362483,-0.547584,0.498939
76,0.25,theta,1318,1.4137,1.59493,0.564033
76,0.25,theta,1319,-0.790604,-0.987476,0.551971
76,0.25,theta,1320,-0.800605,-0.356163,0.529849
76,0.25,theta,1321,1.966748,1.27417,0.573133
76,0.25,theta,1322,1.380515,1.411795,0.584
76,0.25,theta,1323,-0.051689,-0.878721,0.52368
76,0.25,theta,1324,-0.188884,-0.291898,0.520694
76,0.25,theta,1325,-0.154037,-0.669356,0.530142
76,0.25,theta,1326,0.034652,-0.543424,0.492243
76,0.25,theta,1327,1.597717,0.76738,0.53507
76,0.25,theta,1328,-0.452873,-0.197067,0.529652
76,0.25,theta,1329,1.586461,1.9394,0.609652
76,0.25,theta,1330,3.044636,0.864484,0.5273
76,0.25,theta,1331,2.039228,1.211165,0.569776
76,0.25,theta,1332,1.23998,1.245465,0.562823
76,0.25,theta,1333,0.212289,-0.82962,0.508186
76,0.25,theta,1334,-1.011756,-1.135385,0.461913
76,0.25,theta,1335,-1.008812,-1.460605,0.513367
76,0.25,theta,1336,0.141278,0.0178,0.520657
76,0.25,theta,1337,-0.143579,0.043937,0.544745
76,0.25,theta,1338,0.460946,0.565192,0.523744
76,0.25,theta,1339,0.370566,-0.457576,0.504851
76,0.25,theta,1340,0.295703,0.42781,0.55849
76,0.25,theta,1341,0.238587,0.052589,0.500921
76,0.25,theta,1342,-1.559055,-1.600695,0.533486
76,0.25,theta,1343,0.153256,-0.498856,0.519701
76,0.25,theta,1344,-1.077215,-1.35968,0.544543
76,0.25,theta,1345,-0.024873,-0.454175,0.509961
76,0.25,theta,1346,-0.869425,-1.264295,0.491288
76,0.25,theta,1347,0.157469,0.243952,0.494981
76,0.25,theta,1348,-0.729236,-0.554838,0.520451
76,0.25,theta,1349,0.597021,0.388058,0.501207
76,0.25,theta,1350,-1.146587,-0.565886,0.50479
76,0.25,theta,1351,1.278362,0.714424,0.50689
76,0.25,theta,1352,1.69848,1.505185,0.564238
76,0.25,theta,1353,-0.961789,-1.39607,0.517649
76,0.25,theta,1354,1.594973,1.16283,0.567725
76,0.25,theta,1355,-0.62498,-0.426996,0.515544
76,0.25,theta,1356,-0.851678,-1.14958,0.47514
76,0.25,theta,1357,0.066294,0.377521,0.534841
76,0.25,theta,1358,0.063278,-0.176258,0.528959
76,0.25,theta,1359,0.175269,-0.636139,0.523854
76,0.25,theta,1360,2.056562,1.426975,0.57017
76,0.25,theta,1361,-0.61207,-0.389606,0.536249
76,0.25,theta,1362,1.195265,0.670378,0.508762
76,0.25,theta,1363,-1.85633,-1.59481,0.515765
76,0.25,theta,1364,0.891885,-0.350663,0.499811
76,0.25,theta,1365,-0.782105,-1.030585,0.48742
76,0.25,theta,1366,0.562672,-0.298378,0.527043
76,0.25,theta,1367,1.157955,0.356921,0.52755
76,0.25,theta,1368,0.224174,0.227526,0.512915
76,0.25,theta,1369,0.705817,-0.216435,0.48876
76,0.25,theta,1370,0.490303,1.01511,0.540094
76,0.25,theta,1371,-0.549013,-0.051989,0.5084
76,0.25,theta,1372,1.502858,1.24773,0.563058
76,0.25,theta,1373,1.873109,1.24236,0.582305
76,0.25,theta,1374,0.697227,-0.275719,0.489329
76,0.25,theta,1375,0.200545,0.356328,0.54091
76,0.25,theta,1376,-1.713645,-1.74836,0.52437
76,0.25,theta,1377,0.708442,0.394158,0.520545
76,0.25,theta,1378,0.828166,0.186506,0.505563
76,0.25,theta,1379,-0.217952,-0.668718,0.496951
76,0.25,theta,1380,-0.56383,-0.030982,0.545252
76,0.25,theta,1381,-1.812886,-1.515225,0.523872
76,0.25,theta,1382,-0.158038,-0.733684,0.508601
76,0.25,theta,1383,0.929375,0.120923,0.528456
76,0.25,theta,1384,1.390718,0.870167,0.531391
76,0.25,theta,1385,-1.156758,-0.856429,0.492772
76,0.25,theta,1386,-0.877593,-0.194328,0.480785
76,0.25,theta,1387,-1.258144,-0.60625,0.502747
76,0.25,theta,1388,-0.743908,-0.84752,0.520865
76,0.25,theta,1389,-0.081129,0.10789,0.508138
76,0.25,theta,1390,-0.900763,-0.933214,0.492996
76,0.25,theta,1391,0.202624,0.829017,0.525075
76,0.25,theta,1392,-0.21966,0.871897,0.545011
76,0.25,theta,1393,1.181393,0.678456,0.543477
76,0.25,theta,1394,-0.466935,-0.154106,0.469758
76,0.25,theta,1395,0.311902,0.985466,0.536415
76,0.25,theta,1396,-0.764485,-1.356605,0.486705
76,0.25,theta,1397,1.065017,1.08686,0.552824
76,0.25,theta,1398,0.650205,1.02401,0.543226
76,0.25,theta,1399,-1.405384,-0.710029,0.495902
76,0.25,theta,1400,-0.487004,-0.15218,0.496046
76,0.25,theta,1401,0.72798,0.400295,0.528248
76,0.25,theta,1402,-1.099312,0.55644,0.515822
76,0.25,theta,1403,-0.448918,-0.204456,0.4753
76,0.25,theta,1404,-0.685255,0.408385,0.549361
76,0.25,theta,1405,0.74253,0.646411,0.530137
76,0.25,theta,1406,1.686841,1.242335,0.537964
76,0.25,theta,1407,-1.019724,-1.26769,0.529201
76,0.25,theta,1408,-0.736455,-0.790175,0.520154
76,0.25,theta,1409,1.272665,0.970724,0.572247
76,0.25,theta,1410,0.05483,0.574521,0.541903
76,0.25,theta,1411,0.738701,1.23192,0.587293
76,0.25,theta,1412,1.023516,0.900527,0.57107
76,0.25,theta,1413,-0.360491,0.081014,0.505745
76,0.25,theta,1414,0.300347,-0.131686,0.46652
76,0.25,theta,1415,1.380587,0.832291,0.552291
76,0.25,theta,1416,0.736688,1.18868,0.550127
76,0.25,theta,1417,0.390796,0.243572,0.554831
76,0.25,theta,1418,-0.002892,-0.75062,0.475654
76,0.25,theta,1419,0.309917,1.05154,0.503463
76,0.25,theta,1420,-3.677838,-1.64551,0.509929
76,0.25,theta,1421,-0.599577,-0.991561,0.484648
76,0.25,theta,1422,1.544235,1.090695,0.557596
76,0.25,theta,1423,0.993621,0.445535,0.547682
76,0.25,theta,1424,-0.872077,-0.785618,0.48428
76,0.25,theta,1425,-1.735312,-0.720078,0.482692
76,0.25,theta,1426,-0.203853,-0.737576,0.504425
76,0.25,theta,1427,0.563,0.070426,0.517308
76,0.25,theta,1428,-0.381936,-1.046845,0.507092
76,0.25,theta,1429,-0.696946,-0.282134,0.53067
76,0.25,theta,1430,1.432115,1.595095,0.553035
76,0.25,theta,1431,0.721899,0.562077,0.529306
76,0.25,theta,1432,-1.087871,-0.915659,0.491951
76,0.25,theta,1433,0.342828,0.68085,0.524844
76,0.25,theta,1434,0.644803,0.910173,0.564505
76,0.25,theta,1435,-1.048761,-0.704176,0.518591
76,0.25,theta,1436,0.452029,0.522812,0.508821
76,0.25,theta,1437,-0.581157,-0.933179,0.506189
76,0.25,theta,1438,0.763475,0.150904,0.513566
76,0.25,theta,1439,-0.619268,-0.37395,0.496517
76,0.25,theta,1440,-0.738088,-0.206582,0.499403
76,0.25,theta,1441,-0.500173,-0.173404,0.523233
76,0.25,theta,1442,0.463463,0.385028,0.48338
76,0.25,theta,1443,0.146523,0.022414,0.494938
76,0.25,theta,1444,-0.803677,-0.91002,0.507931
76,0.25,theta,1445,0.464613,0.15233,0.497264
76,0.25,theta,1446,-1.290692,-1.81864,0.527206
76,0.25,theta,1447,-0.9104,-0.754004,0.508598
76,0.25,theta,1448,-0.286675,-0.726415,0.511811
76,0.25,theta,1449,0.407439,0.917234,0.533664
76,0.25,theta,1450,-0.176512,-0.402754,0.52448
76,0.25,theta,1451,-0.677299,-0.197196,0.462288
76,0.25,theta,1452,0.62149,-0.407276,0.501455
76,0.25,theta,1453,-1.672196,-1.977685,0.553009
76,0.25,theta,1454,-2.044722,-1.95343,0.544877
76,0.25,theta,1455,-1.140782,-0.523563,0.499339
76,0.25,theta,1456,-1.210371,-0.701518,0.510297
76,0.25,theta,1457,0.225434,0.269716,0.521552
76,0.25,theta,1458,-0.123373,0.059065,0.518663
76,0.25,theta,1459,0.403897,0.674162,0.538342
76,0.25,theta,1460,-0.351314,-0.481616,0.485068
76,0.25,theta,1461,-0.169068,-0.149238,0.501455
76,0.25,theta,1462,-0.184711,-0.539438,0.472887
76,0.25,theta,1463,-0.320763,-0.186338,0.504644
76,0.25,theta,1464,0.072043,0.257865,0.492166
76,0.25,theta,1465,-1.070387,-0.578028,0.525367
76,0.25,theta,1466,-0.806109,-0.321478,0.527227
76,0.25,theta,1467,-0.628545,-1.703035,0.519853
76,0.25,theta,1468,-1.658859,-1.18234,0.540303
76,0.25,theta,1469,-0.293207,-0.280277,0.474952
76,0.25,theta,1470,0.368619,0.175484,0.531999
76,0.25,theta,1471,-1.801725,-0.970156,0.495893
76,0.25,theta,1472,0.295751,0.122773,0.519196
76,0.25,theta,1473,0.195225,0.654256,0.521847
76,0.25,theta,1474,0.456943,0.447665,0.522228
76,0.25,theta,1475,0.233167,-0.035975,0.508143
76,0.25,theta,1476,-1.307959,-1.686155,0.527501
76,0.25,theta,1477,0.488015,0.924558,0.549604
76,0.25,theta,1478,-1.3267,-0.592694,0.513719
76,0.25,theta,1479,0.289899,0.839042,0.574358
76,0.25,theta,1480,-1.572657,-1.27235,0.533223
76,0.25,theta,1481,-0.391683,0.36269,0.493176
76,0.25,theta,1482,1.147074,0.255511,0.54179
76,0.25,theta,1483,-0.657212,-0.502638,0.533096
76,0.25,theta,1484,0.754118,-0.052432,0.48515
76,0.25,theta,1485,0.410963,0.472863,0.508798
76,0.25,theta,1486,1.04537,0.713689,0.543677
76,0.25,theta,1487,0.636121,0.383057,0.477097
76,0.25,theta,1488,1.118854,0.96111,0.567716
76,0.25,theta,1489,1.311998,1.15612,0.539422
76,0.25,theta,1490,0.524586,0.284235,0.53275
76,0.25,theta,1491,0.410363,0.81914,0.567411
76,0.25,theta,1492,1.746972,0.998215,0.558437
76,0.25,theta,1493,0.154125,0.063635,0.531135
76,0.25,theta,1494,1.011292,1.043405,0.539664
76,0.25,theta,1495,0.045674,-0.62748,0.533118
76,0.25,theta,1496,1.358265,0.873609,0.564997
76,0.25,theta,1497,-0.356242,-0.48556,0.484368
76,0.25,theta,1498,0.101412,-0.460364,0.515229
76,0.25,theta,1499,-1.184654,-1.12656,0.513304
76,0.25,theta,1500,-0.8094,-0.338399,0.475042
76,0.25,beta,1,-3.082719,-2.80611,0.313734
76,0.25,beta,2,-2.823006,-2.6891,0.277041
76,0.25,beta,3,-2.74396,-2.590755,0.288589
76,0.25,beta,4,-2.315868,-2.486965,0.265039
76,0.25,beta,5,-2.290602,-2.060695,0.234688
76,0.25,beta,6,-1.996118,-2.197755,0.231632
76,0.25,beta,7,-1.767213,-1.69604,0.222275
76,0.25,beta,8,-1.689286,-2.10023,0.213723
76,0.25,beta,9,-1.657553,-1.96213,0.225123
76,0.25,beta,10,-1.619014,-1.86605,0.207663
76,0.25,beta,11,-1.534956,-1.709805,0.205335
76,0.25,beta,12,-1.427589,-1.63226,0.217731
76,0.25,beta,13,-1.412881,-1.376355,0.233975
76,0.25,beta,14,-1.389555,-1.78898,0.213833
76,0.25,beta,15,-1.359954,-1.6991,0.206889
76,0.25,beta,16,-1.299844,-1.344915,0.175775
76,0.25,beta,17,-1.216457,-1.982225,0.239214
76,0.25,beta,18,-1.205668,-1.22862,0.175968
76,0.25,beta,19,-1.125014,-1.50985,0.194997
76,0.25,beta,20,-1.11969,-1.579135,0.198639
76,0.25,beta,21,-1.034421,-1.45155,0.200022
76,0.25,beta,22,-1.026199,-1.483985,0.221968
76,0.25,beta,23,-0.970198,-1.181035,0.186871
76,0.25,beta,24,-0.954175,-1.23999,0.186765
76,0.25,beta,25,-0.935792,-1.387215,0.186662
76,0.25,beta,26,-0.907814,-1.822155,0.217967
76,0.25,beta,27,-0.816239,-0.982598,0.167018
76,0.25,beta,28,-0.749378,-0.936135,0.177517
76,0.25,beta,29,-0.704972,-0.940813,0.186799
76,0.25,beta,30,-0.662488,-0.885024,0.163442
76,0.25,beta,31,-0.650201,-1.164755,0.189356
76,0.25,beta,32,-0.643661,-1.23205,0.180451
76,0.25,beta,33,-0.629877,-1.153995,0.165968
76,0.25,beta,34,-0.568933,-0.984874,0.171302
76,0.25,beta,35,-0.522985,-1.053215,0.202359
76,0.25,beta,36,-0.512498,-0.754454,0.169105
76,0.25,beta,37,-0.41957,-0.933884,0.169018
76,0.25,beta,38,-0.407307,-0.932016,0.153829
76,0.25,beta,39,-0.395901,-0.825441,0.182929
76,0.25,beta,40,-0.370286,-1.03912,0.172629
76,0.25,beta,41,-0.366262,-0.724846,0.167546
76,0.25,beta,42,-0.304836,-0.868312,0.160654
76,0.25,beta,43,-0.292435,-0.488228,0.15715
76,0.25,beta,44,-0.246129,-0.874898,0.174817
76,0.25,beta,45,-0.239117,-0.900632,0.166001
76,0.25,beta,46,-0.194457,-0.700397,0.155134
76,0.25,beta,47,-0.184504,-0.65163,0.158722
76,0.25,beta,48,-0.181871,-0.417242,0.150512
76,0.25,beta,49,-0.17342,-0.757726,0.147268
76,0.25,beta,50,-0.158245,-0.49021,0.167899
76,0.25,beta,51,-0.12682,-0.61808,0.157301
76,0.25,beta,52,-0.103615,-0.548537,0.163363
76,0.25,beta,53,-0.102515,-0.45276,0.170693
76,0.25,beta,54,-0.064542,-0.583099,0.161185
76,0.25,beta,55,-0.059861,-0.710401,0.166939
76,0.25,beta,56,-0.044569,-0.658478,0.161665
76,0.25,beta,57,-0.021267,-0.714728,0.16472
76,0.25,beta,58,-0.013702,-0.571702,0.145695
76,0.25,beta,59,-0.007206,-0.350116,0.152408
76,0.25,beta,60,-0.004968,-0.579629,0.162443
76,0.25,beta,61,-0.00396,-0.678382,0.161722
76,0.25,beta,62,0.020804,-0.482588,0.153318
76,0.25,beta,63,0.023185,-0.733314,0.149033
76,0.25,beta,64,0.042266,-0.644985,0.156017
76,0.25,beta,65,0.04805,-0.419163,0.156432
76,0.25,beta,66,0.105125,-0.520164,0.150544
76,0.25,beta,67,0.136615,-0.452967,0.156116
76,0.25,beta,68,0.166259,-0.542234,0.162956
76,0.25,beta,69,0.168379,-0.643188,0.163333
76,0.25,beta,70,0.169709,-0.268466,0.167641
76,0.25,beta,71,0.177038,-0.474944,0.149433
76,0.25,beta,72,0.184627,-0.248368,0.157708
76,0.25,beta,73,0.216395,-0.230308,0.150654
76,0.25,beta,74,0.222831,-0.158208,0.158289
76,0.25,beta,75,0.233483,-0.375628,0.154578
76,0.25,beta,76,0.240186,-0.385211,0.150667
76,0.25,beta,77,0.339909,-0.273326,0.171757
76,0.25,beta,78,0.351628,-0.347667,0.144797
76,0.25,beta,79,0.390356,-0.434455,0.150216
76,0.25,beta,80,0.39292,-0.525207,0.179456
76,0.25,beta,81,0.434395,0.005635,0.144821
76,0.25,beta,82,0.495864,-0.097054,0.143208
76,0.25,beta,83,0.497327,-0.11588,0.158277
76,0.25,beta,84,0.527571,-0.251718,0.153878
76,0.25,beta,85,0.571226,-0.087184,0.141771
76,0.25,beta,86,0.587711,0.006265,0.144184
76,0.25,beta,87,0.60282,-0.362645,0.161294
76,0.25,beta,88,0.608029,-0.29452,0.155004
76,0.25,beta,89,0.610082,0.04172,0.162985
76,0.25,beta,90,0.648655,-0.163062,0.15365
76,0.25,beta,91,0.662507,-0.128877,0.152987
76,0.25,beta,92,0.663486,-0.248895,0.135934
76,0.25,beta,93,0.719629,-0.14359,0.159661
76,0.25,beta,94,0.738121,0.003891,0.146172
76,0.25,beta,95,0.759385,0.018592,0.146592
76,0.25,beta,96,0.765683,-0.155167,0.1727
76,0.25,beta,97,0.766117,-0.070045,0.146788
76,0.25,beta,98,0.834255,-0.236301,0.153498
76,0.25,beta,99,0.919538,0.29366,0.15828
76,0.25,beta,100,0.94931,0.205933,0.148513
76,0.25,beta,101,0.975092,-0.139779,0.153543
76,0.25,beta,102,0.984206,-0.035472,0.146217
76,0.25,beta,103,1.00925,0.088339,0.159445
76,0.25,beta,104,1.010602,0.063877,0.150439
76,0.25,beta,105,1.048603,0.226282,0.162441
76,0.25,beta,106,1.07944,-0.345128,0.172252
76,0.25,beta,107,1.099048,0.217573,0.150806
76,0.25,beta,108,1.118442,0.154566,0.154236
76,0.25,beta,109,1.135191,0.172138,0.165899
76,0.25,beta,110,1.257086,0.564377,0.156806
76,0.25,beta,111,1.268998,0.191756,0.149289
76,0.25,beta,112,1.305616,0.108858,0.160879
76,0.25,beta,113,1.334882,0.167278,0.161674
76,0.25,beta,114,1.367531,-0.106133,0.192632
76,0.25,beta,115,1.399186,0.301372,0.152277
76,0.25,beta,116,1.403779,0.570792,0.165892
76,0.25,beta,117,1.441669,0.277803,0.146063
76,0.25,beta,118,1.443148,0.461778,0.148574
76,0.25,beta,119,1.449952,1.095885,0.189325
76,0.25,beta,120,1.580855,0.617183,0.167613
76,0.25,beta,121,1.646541,0.504504,0.156159
76,0.25,beta,122,1.684384,0.497902,0.157744
76,0.25,beta,123,1.698407,0.617616,0.161024
76,0.25,beta,124,1.826588,1.092205,0.201645
76,0.25,beta,125,1.854856,0.720908,0.171662
76,0.25,beta,126,1.856143,0.584284,0.160752
76,0.25,beta,127,1.86928,0.471323,0.158636
76,0.25,beta,128,2.688931,1.240325,0.192386
76,0.25,alpha,1,1.891307,1.209565,0.309971
76,0.25,alpha,2,1.295264,0.776232,0.234779
76,0.25,alpha,3,0.8053,0.62355,0.17528
76,0.25,alpha,4,0.704728,0.798829,0.218859
76,0.25,alpha,5,1.771559,0.900631,0.219713
76,0.25,alpha,6,0.672303,0.551004,0.165037
76,0.25,alpha,7,1.553139,1.01951,0.232362
76,0.25,alpha,8,0.474741,0.666654,0.181852
76,0.25,alpha,9,1.163247,0.832258,0.220737
76,0.25,alpha,10,1.414589,0.713812,0.184177
76,0.25,alpha,11,0.825097,0.674468,0.177011
76,0.25,alpha,12,1.833833,1.1407,0.260834
76,0.25,alpha,13,2.749567,1.68674,0.359174
76,0.25,alpha,14,0.818871,0.77108,0.195697
76,0.25,alpha,15,0.417453,0.821675,0.200166
76,0.25,alpha,16,1.077384,0.70392,0.169982
76,0.25,alpha,17,0.842183,0.995219,0.25379
76,0.25,alpha,18,1.418657,0.832955,0.19498
76,0.25,alpha,19,1.114916,0.839574,0.206982
76,0.25,alpha,20,0.786671,0.788324,0.201684
76,0.25,alpha,21,1.474277,0.955274,0.239117
76,0.25,alpha,22,2.178138,1.35782,0.301889
76,0.25,alpha,23,1.036012,0.952962,0.214238
76,0.25,alpha,24,2.417453,1.0623,0.219094
76,0.25,alpha,25,0.926298,0.592253,0.156168
76,0.25,alpha,26,1.098932,0.856032,0.225748
76,0.25,alpha,27,0.806546,0.776216,0.182633
76,0.25,alpha,28,1.303457,0.915508,0.212196
76,0.25,alpha,29,1.213063,0.92268,0.207673
76,0.25,alpha,30,0.417427,0.445072,0.119015
76,0.25,alpha,31,1.310959,1.21295,0.255504
76,0.25,alpha,32,0.501306,0.749987,0.206254
76,0.25,alpha,33,0.689033,0.541996,0.142252
76,0.25,alpha,34,0.774639,0.859267,0.201902
76,0.25,alpha,35,2.410642,1.402575,0.305532
76,0.25,alpha,36,3.549563,1.091575,0.221563
76,0.25,alpha,37,0.460392,0.630151,0.163044
76,0.25,alpha,38,0.52942,0.627506,0.154953
76,0.25,alpha,39,0.303833,0.638319,0.176547
76,0.25,alpha,40,0.876506,0.664152,0.162644
76,0.25,alpha,41,0.857626,0.542273,0.143277
76,0.25,alpha,42,1.224832,0.786124,0.188506
76,0.25,alpha,43,0.894562,0.684959,0.16536
76,0.25,alpha,44,0.899571,0.668273,0.163263
76,0.25,alpha,45,1.907983,0.83738,0.179004
76,0.25,alpha,46,1.390857,0.61215,0.148962
76,0.25,alpha,47,1.382681,0.666712,0.164978
76,0.25,alpha,48,0.595913,0.559515,0.137853
76,0.25,alpha,49,0.538309,0.463332,0.118957
76,0.25,alpha,50,1.831003,0.977486,0.208934
76,0.25,alpha,51,1.157646,0.732766,0.181159
76,0.25,alpha,52,1.104993,0.8,0.188847
76,0.25,alpha,53,1.741948,1.38053,0.297242
76,0.25,alpha,54,1.302042,0.628496,0.159219
76,0.25,alpha,55,0.866733,0.871222,0.196719
76,0.25,alpha,56,0.595982,0.596958,0.148018
76,0.25,alpha,57,1.303407,0.655856,0.16851
76,0.25,alpha,58,0.658566,0.398709,0.09996
76,0.25,alpha,59,1.353455,0.676776,0.162474
76,0.25,alpha,60,1.545595,0.907248,0.216666
76,0.25,alpha,61,0.667174,0.598161,0.152372
76,0.25,alpha,62,0.735676,0.505159,0.127432
76,0.25,alpha,63,0.690226,0.585347,0.135229
76,0.25,alpha,64,0.506731,0.669898,0.162083
76,0.25,alpha,65,0.685109,0.791033,0.181873
76,0.25,alpha,66,0.639499,0.642977,0.152004
76,0.25,alpha,67,0.949867,0.6553,0.152959
76,0.25,alpha,68,1.776564,0.815154,0.190785
76,0.25,alpha,69,1.217016,0.81205,0.177801
76,0.25,alpha,70,1.205557,0.812759,0.192229
76,0.25,alpha,71,0.77476,0.594604,0.151354
76,0.25,alpha,72,1.329117,0.848248,0.194897
76,0.25,alpha,73,0.842074,0.756336,0.174851
76,0.25,alpha,74,0.530278,0.760776,0.181698
76,0.25,alpha,75,0.652361,0.648406,0.158817
76,0.25,alpha,76,1.19057,0.849013,0.179751
76,0.25,alpha,77,1.874237,1.235895,0.266833
76,0.25,alpha,78,0.350827,0.574288,0.141762
76,0.25,alpha,79,1.137376,0.825074,0.180006
76,0.25,alpha,80,1.089585,0.972098,0.223684
76,0.25,alpha,81,0.941009,0.660556,0.163352
76,0.25,alpha,82,0.676937,0.51553,0.126414
76,0.25,alpha,83,1.423702,0.86272,0.206402
76,0.25,alpha,84,0.657155,0.615223,0.147009
76,0.25,alpha,85,0.556065,0.465246,0.120509
76,0.25,alpha,86,0.557728,0.571915,0.14072
76,0.25,alpha,87,0.932058,0.813464,0.191718
76,0.25,alpha,88,1.05546,0.79884,0.174708
76,0.25,alpha,89,1.248327,0.826704,0.189168
76,0.25,alpha,90,0.919543,0.684268,0.163979
76,0.25,alpha,91,0.619485,0.603378,0.148781
76,0.25,alpha,92,0.976801,0.377386,0.101866
76,0.25,alpha,93,0.922903,0.670698,0.170458
76,0.25,alpha,94,0.541932,0.549114,0.135656
76,0.25,alpha,95,1.078339,0.530109,0.133561
76,0.25,alpha,96,1.772057,1.161705,0.265218
76,0.25,alpha,97,0.353494,0.431492,0.111269
76,0.25,alpha,98,0.971919,0.704552,0.173111
76,0.25,alpha,99,0.760998,0.629501,0.163884
76,0.25,alpha,100,0.884128,0.526489,0.134405
76,0.25,alpha,101,1.783154,0.920654,0.191444
76,0.25,alpha,102,1.92122,0.787613,0.188098
76,0.25,alpha,103,1.173957,0.816084,0.188097
76,0.25,alpha,104,1.197605,0.471939,0.124457
76,0.25,alpha,105,1.268245,0.825778,0.190972
76,0.25,alpha,106,3.195681,0.891181,0.215972
76,0.25,alpha,107,0.800614,0.645614,0.156047
76,0.25,alpha,108,1.891466,0.83847,0.198697
76,0.25,alpha,109,1.405724,1.075695,0.244627
76,0.25,alpha,110,0.547538,0.798322,0.183131
76,0.25,alpha,111,0.807053,0.716769,0.168424
76,0.25,alpha,112,1.34467,0.806528,0.200266
76,0.25,alpha,113,1.84117,0.697651,0.174311
76,0.25,alpha,114,2.444184,1.56693,0.374139
76,0.25,alpha,115,0.644124,0.540958,0.135752
76,0.25,alpha,116,1.100011,0.936177,0.224235
76,0.25,alpha,117,0.629331,0.444914,0.12111
76,0.25,alpha,118,0.850932,0.699922,0.171649
76,0.25,alpha,119,0.987603,1.060115,0.232916
76,0.25,alpha,120,0.678064,0.578372,0.148069
76,0.25,alpha,121,1.246105,0.683198,0.166431
76,0.25,alpha,122,0.515442,0.692735,0.162218
76,0.25,alpha,123,1.407431,0.639176,0.154166
76,0.25,alpha,124,1.525478,1.097745,0.262902
76,0.25,alpha,125,0.625157,0.829307,0.201629
76,0.25,alpha,126,1.163159,0.707654,0.167351
76,0.25,alpha,127,1.027651,0.641624,0.171298
76,0.25,alpha,128,1.216989,0.773444,0.20639
76,0.35,theta,1,0.434671,0.32389,0.477162
76,0.35,theta,2,1.715218,0.981024,0.519521
76,0.35,theta,3,-2.476284,-1.26858,0.491621
76,0.35,theta,4,0.935325,0.569457,0.458509
76,0.35,theta,5,1.012927,0.548592,0.488898
76,0.35,theta,6,1.875175,1.5028,0.55699
76,0.35,theta,7,-0.569346,-0.198446,0.463057
76,0.35,theta,8,0.732207,1.200275,0.520806
76,0.35,theta,9,-1.456032,-1.5377,0.543379
76,0.35,theta,10,0.638676,0.36314,0.471578
76,0.35,theta,11,-0.169719,-0.396867,0.450925
76,0.35,theta,12,2.366434,1.458495,0.529322
76,0.35,theta,13,0.041538,0.113838,0.511752
76,0.35,theta,14,-1.284337,-0.227154,0.48486
76,0.35,theta,15,0.499015,0.206561,0.45228
76,0.35,theta,16,0.943571,0.501878,0.47953
76,0.35,theta,17,-0.343385,-0.209516,0.499083
76,0.35,theta,18,-1.154804,-1.25098,0.518792
76,0.35,theta,19,-0.219084,0.418896,0.430309
76,0.35,theta,20,1.193074,0.399383,0.503371
76,0.35,theta,21,1.642863,1.42935,0.542795
76,0.35,theta,22,0.173407,0.303199,0.446674
76,0.35,theta,23,-1.209745,-0.546939,0.503353
76,0.35,theta,24,-1.681192,-1.21769,0.479081
76,0.35,theta,25,0.492255,1.07787,0.496559
76,0.35,theta,26,-0.83096,-0.466538,0.442143
76,0.35,theta,27,0.371079,0.890872,0.478845
76,0.35,theta,28,-0.746461,-0.785131,0.494473
76,0.35,theta,29,-1.022038,-0.297813,0.45675
76,0.35,theta,30,0.177741,0.313438,0.472513
76,0.35,theta,31,-0.612346,-0.190292,0.477758
76,0.35,theta,32,-0.043204,0.20141,0.453897
76,0.35,theta,33,-1.4199,-0.923642,0.481465
76,0.35,theta,34,0.277117,-0.061936,0.445527
76,0.35,theta,35,0.361182,0.035128,0.43173
76,0.35,theta,36,-1.622079,-0.745054,0.472454
76,0.35,theta,37,1.625763,1.016485,0.519519
76,0.35,theta,38,-1.006495,-0.649176,0.472897
76,0.35,theta,39,-1.279424,-1.94764,0.548513
76,0.35,theta,40,0.168716,0.642548,0.490154
76,0.35,theta,41,0.974149,0.963572,0.51511
76,0.35,theta,42,-0.287418,-0.366448,0.449992
76,0.35,theta,43,1.464471,1.84718,0.55097
76,0.35,theta,44,0.167317,0.46431,0.490845
76,0.35,theta,45,1.463257,0.9794,0.49563
76,0.35,theta,46,-0.420812,-0.420484,0.449085
76,0.35,theta,47,-0.668785,-1.03622,0.479096
76,0.35,theta,48,-0.802205,-0.453129,0.451701
76,0.35,theta,49,0.25911,0.476908,0.46579
76,0.35,theta,50,0.97029,1.685005,0.549514
76,0.35,theta,51,-0.817851,-1.180465,0.507157
76,0.35,theta,52,1.678676,0.763092,0.503407
76,0.35,theta,53,0.780943,1.10486,0.506351
76,0.35,theta,54,0.387721,0.604013,0.478439
76,0.35,theta,55,-1.143026,-1.296245,0.521069
76,0.35,theta,56,0.835514,1.11215,0.481211
76,0.35,theta,57,0.353499,-0.606098,0.461615
76,0.35,theta,58,-0.666311,-1.23621,0.480873
76,0.35,theta,59,-0.332063,-0.884229,0.482914
76,0.35,theta,60,-1.003222,-0.814234,0.440525
76,0.35,theta,61,1.380104,0.656006,0.522677
76,0.35,theta,62,-0.208589,-0.035743,0.440556
76,0.35,theta,63,1.054537,1.58762,0.555518
76,0.35,theta,64,0.719271,-0.076616,0.458856
76,0.35,theta,65,-0.145947,0.555576,0.491035
76,0.35,theta,66,-1.345667,0.116084,0.441455
76,0.35,theta,67,1.087104,0.920532,0.477079
76,0.35,theta,68,1.561319,0.988394,0.487755
76,0.35,theta,69,-0.327496,-0.690327,0.481602
76,0.35,theta,70,-1.097672,-0.498079,0.46058
76,0.35,theta,71,0.45711,-0.033325,0.458843
76,0.35,theta,72,-0.064356,-0.796846,0.44221
76,0.35,theta,73,-0.251905,0.124467,0.471793
76,0.35,theta,74,-1.035149,-1.086415,0.496423
76,0.35,theta,75,-0.282272,0.008084,0.518494
76,0.35,theta,76,-0.914835,-0.273732,0.489354
76,0.35,theta,77,-0.910763,-0.416048,0.465995
76,0.35,theta,78,0.347956,0.938654,0.511932
76,0.35,theta,79,-1.400914,-1.99748,0.530636
76,0.35,theta,80,0.910123,0.838782,0.485074
76,0.35,theta,81,0.446614,0.591356,0.479389
76,0.35,theta,82,0.304838,0.145094,0.46635
76,0.35,theta,83,-0.4191,-1.08297,0.504186
76,0.35,theta,84,-0.92948,-0.212427,0.497429
76,0.35,theta,85,0.038051,0.504557,0.496428
76,0.35,theta,86,0.041799,0.346734,0.474963
76,0.35,theta,87,0.534488,-0.254012,0.484467
76,0.35,theta,88,1.126828,0.796394,0.498265
76,0.35,theta,89,1.783997,1.014255,0.513667
76,0.35,theta,90,-1.117962,-0.357228,0.480185
76,0.35,theta,91,-1.86503,0.272289,0.467974
76,0.35,theta,92,-1.549752,-0.97476,0.486233
76,0.35,theta,93,-0.53665,-0.357256,0.492865
76,0.35,theta,94,1.196028,0.290157,0.436822
76,0.35,theta,95,0.346968,-0.041108,0.462896
76,0.35,theta,96,0.340644,0.442225,0.484682
76,0.35,theta,97,-0.142365,-0.609683,0.469423
76,0.35,theta,98,0.174699,-0.195088,0.47034
76,0.35,theta,99,0.352291,0.606413,0.447559
76,0.35,theta,100,0.144536,-0.465764,0.460595
76,0.35,theta,101,-0.188519,0.12979,0.437331
76,0.35,theta,102,-0.234725,0.874203,0.477954
76,0.35,theta,103,0.84823,0.281848,0.45378
76,0.35,theta,104,-0.345241,-0.457784,0.473284
76,0.35,theta,105,-0.845411,-0.144702,0.468013
76,0.35,theta,106,0.681683,0.49633,0.487721
76,0.35,theta,107,0.567924,0.83901,0.519092
76,0.35,theta,108,-0.699274,0.100248,0.479708
76,0.35,theta,109,0.157961,-0.094346,0.419963
76,0.35,theta,110,-2.876962,-0.768473,0.503738
76,0.35,theta,111,0.762177,0.773018,0.47432
76,0.35,theta,112,1.237899,1.732715,0.540824
76,0.35,theta,113,-1.243369,-1.619115,0.528861
76,0.35,theta,114,1.504833,0.258171,0.46407
76,0.35,theta,115,0.183469,-0.53265,0.490436
76,0.35,theta,116,0.262215,0.893593,0.526788
76,0.35,theta,117,0.638032,1.569615,0.559537
76,0.35,theta,118,0.624814,0.173286,0.470751
76,0.35,theta,119,0.958189,0.817384,0.467737
76,0.35,theta,120,-0.677229,-0.773977,0.498489
76,0.35,theta,121,0.820475,0.181105,0.473766
76,0.35,theta,122,0.234447,-0.40949,0.467473
76,0.35,theta,123,-0.214812,-0.511713,0.43867
76,0.35,theta,124,0.69758,1.055405,0.489546
76,0.35,theta,125,0.482147,0.919993,0.507589
76,0.35,theta,126,-0.735582,-0.713183,0.438151
76,0.35,theta,127,-0.334298,-0.394823,0.497486
76,0.35,theta,128,0.843574,1.16459,0.544653
76,0.35,theta,129,0.216767,0.336964,0.473449
76,0.35,theta,130,0.616722,0.63293,0.499635
76,0.35,theta,131,1.382264,1.186435,0.528397
76,0.35,theta,132,-0.386487,-0.52116,0.457988
76,0.35,theta,133,0.455029,0.367052,0.468143
76,0.35,theta,134,-0.730453,-0.380824,0.451643
76,0.35,theta,135,-0.082048,1.075505,0.503239
76,0.35,theta,136,0.55007,0.346888,0.480918
76,0.35,theta,137,-1.463697,-0.844384,0.525535
76,0.35,theta,138,-1.014635,-0.402294,0.451148
76,0.35,theta,139,-2.425615,-2.452335,0.557648
76,0.35,theta,140,0.264321,-0.447758,0.455889
76,0.35,theta,141,0.959827,1.22203,0.535222
76,0.35,theta,142,1.337819,1.537555,0.510462
76,0.35,theta,143,-0.912097,-0.529225,0.491952
76,0.35,theta,144,-0.459471,0.231376,0.498885
76,0.35,theta,145,0.524737,-0.192808,0.449231
76,0.35,theta,146,0.463145,0.559368,0.477353
76,0.35,theta,147,-1.466832,-1.6962,0.527694
76,0.35,theta,148,0.263435,-0.567762,0.458563
76,0.35,theta,149,1.452137,2.317685,0.599409
76,0.35,theta,150,1.116431,0.779534,0.479758
76,0.35,theta,151,0.985247,0.851941,0.490695
76,0.35,theta,152,-1.580786,-0.902907,0.486024
76,0.35,theta,153,-0.500033,-0.870986,0.474705
76,0.35,theta,154,0.160515,0.813818,0.468946
76,0.35,theta,155,2.404278,0.880976,0.467357
76,0.35,theta,156,-0.781526,-0.589108,0.458832
76,0.35,theta,157,-0.655907,-0.840763,0.465324
76,0.35,theta,158,-0.309099,-0.694524,0.487172
76,0.35,theta,159,0.438352,-0.199869,0.457439
76,0.35,theta,160,-1.828926,-2.135535,0.55654
76,0.35,theta,161,-0.752585,-1.213105,0.514191
76,0.35,theta,162,0.981724,0.434616,0.473268
76,0.35,theta,163,-0.291682,-0.385036,0.466804
76,0.35,theta,164,-1.353491,-0.360608,0.457604
76,0.35,theta,165,-0.958026,-0.730888,0.514276
76,0.35,theta,166,0.023895,-0.337766,0.45485
76,0.35,theta,167,1.05458,0.558092,0.465219
76,0.35,theta,168,-0.2283,-0.738764,0.451373
76,0.35,theta,169,0.400935,0.563981,0.440534
76,0.35,theta,170,0.321539,0.133029,0.484821
76,0.35,theta,171,0.116922,0.312627,0.454575
76,0.35,theta,172,-0.622734,-0.210595,0.470718
76,0.35,theta,173,-1.97182,-0.863286,0.488454
76,0.35,theta,174,-0.174521,0.059064,0.468267
76,0.35,theta,175,0.23574,0.964836,0.499461
76,0.35,theta,176,-0.259479,-0.697519,0.485544
76,0.35,theta,177,-1.5905,-1.944825,0.542394
76,0.35,theta,178,1.113261,0.471276,0.472924
76,0.35,theta,179,-1.381169,0.179102,0.495185
76,0.35,theta,180,0.0211,0.125677,0.436816
76,0.35,theta,181,1.036925,0.242964,0.503054
76,0.35,theta,182,-0.442834,0.080817,0.415437
76,0.35,theta,183,-0.605644,-0.554274,0.489903
76,0.35,theta,184,0.325362,0.354109,0.464626
76,0.35,theta,185,0.052446,0.028791,0.457214
76,0.35,theta,186,0.67781,0.495426,0.481837
76,0.35,theta,187,-0.249213,0.361661,0.463338
76,0.35,theta,188,1.887649,1.0596,0.511676
76,0.35,theta,189,-1.601841,-1.43888,0.557826
76,0.35,theta,190,-0.668537,-0.500489,0.457751
76,0.35,theta,191,-1.509332,-0.747114,0.476689
76,0.35,theta,192,1.245061,0.975721,0.474098
76,0.35,theta,193,1.19615,0.52875,0.531192
76,0.35,theta,194,0.075618,0.008734,0.434971
76,0.35,theta,195,0.856919,0.767591,0.461753
76,0.35,theta,196,1.583428,0.81449,0.520778
76,0.35,theta,197,1.131989,0.328245,0.489192
76,0.35,theta,198,-1.054526,-1.38542,0.52487
76,0.35,theta,199,-0.147258,0.79043,0.473093
76,0.35,theta,200,-0.504239,-0.849686,0.50158
76,0.35,theta,201,0.202609,0.293401,0.474836
76,0.35,theta,202,0.35404,0.184846,0.492158
76,0.35,theta,203,1.333471,0.879612,0.496679
76,0.35,theta,204,0.129796,0.457153,0.481232
76,0.35,theta,205,-1.865416,-1.617975,0.51049
76,0.35,theta,206,1.798781,1.99773,0.590914
76,0.35,theta,207,1.120773,0.752264,0.490548
76,0.35,theta,208,0.077769,-0.14543,0.451833
76,0.35,theta,209,0.568419,0.828332,0.485548
76,0.35,theta,210,0.530786,0.04211,0.462006
76,0.35,theta,211,0.807365,0.619637,0.490666
76,0.35,theta,212,-0.974084,-0.763046,0.476583
76,0.35,theta,213,0.665461,0.870038,0.482274
76,0.35,theta,214,0.536092,0.894698,0.510166
76,0.35,theta,215,-1.164221,-0.893008,0.505624
76,0.35,theta,216,-1.140441,-1.11043,0.511531
76,0.35,theta,217,0.352759,-0.123663,0.468236
76,0.35,theta,218,-0.482371,-1.27443,0.49144
76,0.35,theta,219,0.127715,0.325623,0.465375
76,0.35,theta,220,-0.175732,0.135478,0.447946
76,0.35,theta,221,0.610077,0.588923,0.477073
76,0.35,theta,222,-0.527569,0.271746,0.515849
76,0.35,theta,223,-1.0304,-1.17547,0.480606
76,0.35,theta,224,0.475569,0.306507,0.454271
76,0.35,theta,225,-1.254746,-1.18467,0.514307
76,0.35,theta,226,-0.813406,-1.685285,0.492397
76,0.35,theta,227,-0.970555,-0.151008,0.492039
76,0.35,theta,228,1.00782,0.53274,0.461375
76,0.35,theta,229,0.541213,0.342662,0.46173
76,0.35,theta,230,1.818639,0.960347,0.523566
76,0.35,theta,231,-0.307504,-0.417958,0.444085
76,0.35,theta,232,0.091592,0.320294,0.476723
76,0.35,theta,233,0.476629,0.531078,0.488399
76,0.35,theta,234,1.308142,0.348032,0.484712
76,0.35,theta,235,0.222778,-0.164216,0.472486
76,0.35,theta,236,0.089938,0.085982,0.447401
76,0.35,theta,237,-0.162684,-0.041909,0.464936
76,0.35,theta,238,0.236123,-0.039868,0.466216
76,0.35,theta,239,-0.539811,0.063585,0.441737
76,0.35,theta,240,0.585162,0.662676,0.49189
76,0.35,theta,241,0.959885,0.554514,0.458425
76,0.35,theta,242,0.315663,-0.233467,0.451746
76,0.35,theta,243,0.826156,0.188328,0.466543
76,0.35,theta,244,-1.264076,-1.351495,0.483158
76,0.35,theta,245,1.24079,0.613538,0.503249
76,0.35,theta,246,-0.757366,-0.524182,0.472442
76,0.35,theta,247,0.586354,0.47115,0.458991
76,0.35,theta,248,-0.817804,-1.76867,0.54403
76,0.35,theta,249,-1.670607,-0.243717,0.496888
76,0.35,theta,250,0.107934,0.346896,0.497901
76,0.35,theta,251,0.518445,-0.2626,0.458305
76,0.35,theta,252,-1.089043,-0.6602,0.448064
76,0.35,theta,253,0.015286,-0.985137,0.47287
76,0.35,theta,254,0.443034,-0.077905,0.457727
76,0.35,theta,255,0.321263,0.051396,0.474099
76,0.35,theta,256,0.416855,0.000297,0.46541
76,0.35,theta,257,-0.593917,-0.372792,0.49331
76,0.35,theta,258,0.493393,0.133606,0.444476
76,0.35,theta,259,-0.842241,-0.482154,0.47413
76,0.35,theta,260,-1.198227,-1.49279,0.534893
76,0.35,theta,261,0.321169,0.531324,0.480171
76,0.35,theta,262,0.618104,0.167679,0.465659
76,0.35,theta,263,0.460614,0.463408,0.474765
76,0.35,theta,264,-0.429201,-0.380487,0.504315
76,0.35,theta,265,-0.857815,-0.67324,0.491347
76,0.35,theta,266,0.965742,0.537709,0.481619
76,0.35,theta,267,-0.999292,-0.385808,0.468411
76,0.35,theta,268,-1.837433,-0.635233,0.493721
76,0.35,theta,269,1.16356,0.991602,0.489539
76,0.35,theta,270,0.13847,0.356337,0.475693
76,0.35,theta,271,1.182575,0.971663,0.513936
76,0.35,theta,272,-0.920311,-0.307237,0.468819
76,0.35,theta,273,-0.523449,0.421964,0.491192
76,0.35,theta,274,-0.544088,-1.11892,0.459192
76,0.35,theta,275,0.359823,0.465731,0.474746
76,0.35,theta,276,1.048626,0.699846,0.500295
76,0.35,theta,277,-0.560003,-0.134122,0.443242
76,0.35,theta,278,-0.379196,-0.330214,0.462625
76,0.35,theta,279,0.009782,0.137572,0.44066
76,0.35,theta,280,1.852902,1.537295,0.516413
76,0.35,theta,281,1.123319,1.18703,0.529192
76,0.35,theta,282,0.380756,-0.386761,0.44673
76,0.35,theta,283,1.201537,0.85488,0.481422
76,0.35,theta,284,1.609009,1.4575,0.508926
76,0.35,theta,285,1.01807,0.543499,0.496139
76,0.35,theta,286,-0.189102,0.298974,0.514554
76,0.35,theta,287,-1.163972,-1.01498,0.543303
76,0.35,theta,288,-0.52447,-1.25376,0.533435
76,0.35,theta,289,0.089848,0.076479,0.440871
76,0.35,theta,290,0.105832,-0.352786,0.48686
76,0.35,theta,291,-0.222179,-0.222566,0.469239
76,0.35,theta,292,-1.371022,-1.263475,0.504095
76,0.35,theta,293,1.694395,1.838345,0.580339
76,0.35,theta,294,-0.002677,-0.535467,0.497357
76,0.35,theta,295,-0.942274,-0.979247,0.465093
76,0.35,theta,296,2.140699,1.332935,0.510069
76,0.35,theta,297,0.656565,-0.137966,0.452333
76,0.35,theta,298,-0.755762,-0.923981,0.497815
76,0.35,theta,299,-0.31357,-0.515966,0.456403
76,0.35,theta,300,0.246449,0.204488,0.472226
76,0.35,theta,301,0.47991,-0.422164,0.476367
76,0.35,theta,302,1.361496,0.562358,0.485545
76,0.35,theta,303,0.75056,1.434355,0.539835
76,0.35,theta,304,-0.420363,0.350189,0.487261
76,0.35,theta,305,0.831045,0.506336,0.458773
76,0.35,theta,306,0.20174,0.293164,0.471217
76,0.35,theta,307,-0.157442,0.282436,0.465162
76,0.35,theta,308,-0.018328,0.134418,0.486564
76,0.35,theta,309,-1.510446,-1.68816,0.539379
76,0.35,theta,310,0.678554,0.58029,0.485278
76,0.35,theta,311,-1.340253,-1.762555,0.540063
76,0.35,theta,312,-1.704148,-1.91698,0.53659
76,0.35,theta,313,1.189203,1.068445,0.461726
76,0.35,theta,314,0.592724,0.327595,0.446248
76,0.35,theta,315,-0.659333,-0.218258,0.480676
76,0.35,theta,316,-0.135599,0.608024,0.486587
76,0.35,theta,317,0.583291,0.278866,0.461302
76,0.35,theta,318,0.420208,-0.628546,0.454486
76,0.35,theta,319,0.671106,0.14375,0.446429
76,0.35,theta,320,-0.155506,-0.289602,0.441829
76,0.35,theta,321,2.09843,2.25286,0.622175
76,0.35,theta,322,-0.11324,0.123714,0.481865
76,0.35,theta,323,0.292983,0.071126,0.491799
76,0.35,theta,324,-1.058629,-1.864885,0.554602
76,0.35,theta,325,-0.084811,0.163916,0.462702
76,0.35,theta,326,0.546264,1.12472,0.517436
76,0.35,theta,327,0.386087,0.26145,0.474747
76,0.35,theta,328,-0.392866,-0.506061,0.446984
76,0.35,theta,329,-0.375687,-0.627017,0.462938
76,0.35,theta,330,-0.78119,-1.363225,0.539062
76,0.35,theta,331,-0.822979,-0.765276,0.471487
76,0.35,theta,332,1.402812,1.5036,0.512934
76,0.35,theta,333,1.347756,0.915982,0.507977
76,0.35,theta,334,-1.818099,-1.514475,0.517398
76,0.35,theta,335,1.003736,0.243216,0.486557
76,0.35,theta,336,-1.52592,-1.124345,0.533666
76,0.35,theta,337,1.586644,0.633136,0.499383
76,0.35,theta,338,-0.57002,-1.361485,0.529025
76,0.35,theta,339,-1.858121,-2.264045,0.536959
76,0.35,theta,340,-0.293611,0.321696,0.451815
76,0.35,theta,341,1.443516,1.322915,0.53168
76,0.35,theta,342,-0.499679,-0.841316,0.491864
76,0.35,theta,343,-1.046318,-0.040455,0.470525
76,0.35,theta,344,0.186073,0.081228,0.496442
76,0.35,theta,345,1.10429,1.187155,0.499354
76,0.35,theta,346,-1.545129,-0.728371,0.493071
76,0.35,theta,347,1.335645,1.25182,0.515426
76,0.35,theta,348,1.006107,0.824331,0.501344
76,0.35,theta,349,1.900566,0.646666,0.479612
76,0.35,theta,350,-0.294282,-0.435706,0.432722
76,0.35,theta,351,0.128399,0.4649,0.491166
76,0.35,theta,352,0.025897,0.89102,0.504082
76,0.35,theta,353,-0.357698,-0.376168,0.459238
76,0.35,theta,354,0.415952,0.547386,0.468482
76,0.35,theta,355,0.196117,0.038203,0.478771
76,0.35,theta,356,-1.152687,-0.676688,0.453885
76,0.35,theta,357,0.404548,-0.380104,0.459568
76,0.35,theta,358,-1.891573,-1.158635,0.501877
76,0.35,theta,359,-0.42499,0.020944,0.481042
76,0.35,theta,360,0.348291,0.509516,0.488654
76,0.35,theta,361,-0.354591,0.296313,0.476194
76,0.35,theta,362,2.290293,2.26658,0.594574
76,0.35,theta,363,0.590511,0.178262,0.473346
76,0.35,theta,364,-0.288282,-0.000128,0.427794
76,0.35,theta,365,1.53692,0.858418,0.515936
76,0.35,theta,366,0.551507,0.996175,0.539838
76,0.35,theta,367,0.337982,0.418738,0.468367
76,0.35,theta,368,-0.036696,-0.992536,0.456995
76,0.35,theta,369,0.769823,-0.009344,0.499805
76,0.35,theta,370,-0.380056,-0.293197,0.428092
76,0.35,theta,371,1.402455,1.30514,0.525915
76,0.35,theta,372,-0.682245,0.026338,0.481931
76,0.35,theta,373,0.884008,0.64425,0.493171
76,0.35,theta,374,0.148332,0.531284,0.499742
76,0.35,theta,375,0.527012,0.110628,0.469744
76,0.35,theta,376,0.800353,1.223135,0.463861
76,0.35,theta,377,-1.988598,-2.065845,0.543699
76,0.35,theta,378,-1.622286,-1.336835,0.471306
76,0.35,theta,379,-1.384706,-0.76341,0.478799
76,0.35,theta,380,-1.576352,-0.601536,0.495811
76,0.35,theta,381,-0.483624,-0.319688,0.470477
76,0.35,theta,382,-0.474875,-0.800695,0.455741
76,0.35,theta,383,0.015038,0.218866,0.477894
76,0.35,theta,384,-0.394696,-0.305588,0.475842
76,0.35,theta,385,-0.122492,0.234828,0.463352
76,0.35,theta,386,0.943592,0.807243,0.484291
76,0.35,theta,387,0.756869,-0.684942,0.481312
76,0.35,theta,388,-1.785752,-1.29513,0.513595
76,0.35,theta,389,-0.591618,-0.591439,0.47185
76,0.35,theta,390,-0.678644,-0.87097,0.482668
76,0.35,theta,391,-1.373197,-0.258581,0.470329
76,0.35,theta,392,0.296453,0.451242,0.499505
76,0.35,theta,393,-1.603554,-0.925278,0.515494
76,0.35,theta,394,0.225685,0.209338,0.481652
76,0.35,theta,395,-0.147096,0.394951,0.479553
76,0.35,theta,396,-1.370998,-1.512025,0.511227
76,0.35,theta,397,-0.029815,0.780198,0.488954
76,0.35,theta,398,-0.688539,-1.01015,0.49497
76,0.35,theta,399,-0.858415,-0.637489,0.449811
76,0.35,theta,400,-0.624945,-0.18017,0.440228
76,0.35,theta,401,0.189711,-0.382273,0.466889
76,0.35,theta,402,-1.57896,-0.805286,0.490705
76,0.35,theta,403,-0.055323,0.3849,0.493149
76,0.35,theta,404,-0.190607,0.650052,0.461051
76,0.35,theta,405,0.203107,0.005042,0.432224
76,0.35,theta,406,-0.849939,-0.845885,0.490589
76,0.35,theta,407,0.725524,0.18702,0.454828
76,0.35,theta,408,-2.614739,-2.57856,0.567493
76,0.35,theta,409,-1.657343,-1.252455,0.505321
76,0.35,theta,410,-0.289518,0.4811,0.488306
76,0.35,theta,411,0.935329,1.4209,0.50701
76,0.35,theta,412,0.827467,0.977358,0.490048
76,0.35,theta,413,-0.978832,-0.378171,0.479395
76,0.35,theta,414,-1.218795,-1.19569,0.515946
76,0.35,theta,415,0.925875,0.679944,0.498083
76,0.35,theta,416,-0.830954,-0.55502,0.485397
76,0.35,theta,417,-0.604058,-0.340814,0.48034
76,0.35,theta,418,-2.236402,-0.846975,0.529895
76,0.35,theta,419,0.103193,0.289434,0.493159
76,0.35,theta,420,-0.480591,-0.44121,0.472697
76,0.35,theta,421,-1.767396,-2.693755,0.60192
76,0.35,theta,422,0.322688,-0.364905,0.479914
76,0.35,theta,423,-1.226531,-1.27341,0.49938
76,0.35,theta,424,-0.572037,-0.687692,0.477862
76,0.35,theta,425,-0.710304,-0.268512,0.456318
76,0.35,theta,426,0.779249,0.874129,0.454211
76,0.35,theta,427,0.224524,0.057471,0.448051
76,0.35,theta,428,0.616111,0.968882,0.513654
76,0.35,theta,429,0.177,0.523901,0.491316
76,0.35,theta,430,0.498383,1.428095,0.555611
76,0.35,theta,431,-0.944844,-0.903253,0.47576
76,0.35,theta,432,-0.050789,0.616385,0.499242
76,0.35,theta,433,-0.219788,-0.290242,0.467484
76,0.35,theta,434,-0.167284,0.187976,0.436332
76,0.35,theta,435,1.764524,1.019785,0.531494
76,0.35,theta,436,0.363438,0.972357,0.525262
76,0.35,theta,437,-1.307604,-0.868855,0.455923
76,0.35,theta,438,-0.802684,-0.710499,0.437485
76,0.35,theta,439,-2.24283,-1.263835,0.478777
76,0.35,theta,440,1.517819,1.243325,0.497
76,0.35,theta,441,-0.420495,0.010359,0.442991
76,0.35,theta,442,-0.168807,-0.125655,0.513378
76,0.35,theta,443,0.586909,0.456262,0.494357
76,0.35,theta,444,-0.803556,-0.934341,0.493601
76,0.35,theta,445,-0.797541,-0.62103,0.460567
76,0.35,theta,446,0.248276,-0.029903,0.487914
76,0.35,theta,447,0.611104,-0.136004,0.448969
76,0.35,theta,448,-0.430759,0.047908,0.455738
76,0.35,theta,449,0.645255,0.235008,0.483931
76,0.35,theta,450,-0.52378,0.542431,0.482581
76,0.35,theta,451,-1.434475,-1.937895,0.5638
76,0.35,theta,452,0.28372,0.590348,0.46677
76,0.35,theta,453,-1.199455,-0.777929,0.472832
76,0.35,theta,454,0.539511,0.282388,0.466605
76,0.35,theta,455,0.033499,0.139263,0.474377
76,0.35,theta,456,0.508588,0.688291,0.481163
76,0.35,theta,457,0.773668,0.411484,0.461916
76,0.35,theta,458,0.850812,0.99924,0.501365
76,0.35,theta,459,1.36688,1.71292,0.533319
76,0.35,theta,460,0.583916,0.38642,0.471453
76,0.35,theta,461,0.418201,0.271358,0.477388
76,0.35,theta,462,-0.707178,-1.28787,0.509844
76,0.35,theta,463,0.42646,0.4269,0.490239
76,0.35,theta,464,0.29369,-0.00295,0.447606
76,0.35,theta,465,-0.808878,-0.615664,0.471167
76,0.35,theta,466,-0.854753,-1.258805,0.499302
76,0.35,theta,467,-0.623004,-0.332314,0.479093
76,0.35,theta,468,-0.489998,-0.835292,0.481056
76,0.35,theta,469,1.411197,0.644905,0.478283
76,0.35,theta,470,-0.265171,-0.409946,0.453821
76,0.35,theta,471,0.687684,0.553756,0.470519
76,0.35,theta,472,1.048191,0.91556,0.511172
76,0.35,theta,473,0.773057,1.678735,0.540167
76,0.35,theta,474,-0.687816,-0.289358,0.465256
76,0.35,theta,475,0.767063,0.507932,0.489459
76,0.35,theta,476,0.608495,0.759988,0.518757
76,0.35,theta,477,-0.773511,-0.664546,0.470538
76,0.35,theta,478,0.623711,0.783304,0.480134
76,0.35,theta,479,1.159468,1.01796,0.467544
76,0.35,theta,480,-1.007175,-0.768668,0.470469
76,0.35,theta,481,0.402847,0.349719,0.465655
76,0.35,theta,482,-0.953148,-0.834083,0.469172
76,0.35,theta,483,0.579323,0.034961,0.454802
76,0.35,theta,484,-0.758534,-0.388142,0.487267
76,0.35,theta,485,-0.983091,0.061042,0.442235
76,0.35,theta,486,3.003415,1.84666,0.587257
76,0.35,theta,487,1.074255,1.328445,0.533993
76,0.35,theta,488,1.891948,1.19949,0.53806
76,0.35,theta,489,1.040628,0.004667,0.436448
76,0.35,theta,490,1.074516,0.140282,0.45516
76,0.35,theta,491,-0.072564,-0.462669,0.488865
76,0.35,theta,492,-0.265674,0.208311,0.48563
76,0.35,theta,493,-1.629645,-1.85429,0.553618
76,0.35,theta,494,0.324489,0.462412,0.486951
76,0.35,theta,495,-0.082,-0.309631,0.469481
76,0.35,theta,496,-0.284192,-0.340336,0.44643
76,0.35,theta,497,-0.116874,-0.59963,0.482117
76,0.35,theta,498,-0.913546,-1.59879,0.54443
76,0.35,theta,499,1.033823,1.206035,0.520755
76,0.35,theta,500,2.091623,1.37474,0.522305
76,0.35,theta,501,0.856135,1.26984,0.534864
76,0.35,theta,502,-0.270637,0.181485,0.475182
76,0.35,theta,503,-1.049632,-0.869024,0.447522
76,0.35,theta,504,-2.461565,-1.446625,0.500482
76,0.35,theta,505,1.253098,0.495968,0.453059
76,0.35,theta,506,-1.514599,-1.027535,0.505611
76,0.35,theta,507,-0.16128,-0.962924,0.506171
76,0.35,theta,508,1.029112,1.302935,0.523234
76,0.35,theta,509,-1.350786,-0.318991,0.469325
76,0.35,theta,510,-0.407627,-1.628105,0.533162
76,0.35,theta,511,1.327075,1.33978,0.513925
76,0.35,theta,512,-0.049869,0.552244,0.503865
76,0.35,theta,513,-1.38252,-1.411845,0.502894
76,0.35,theta,514,0.218458,0.627717,0.485545
76,0.35,theta,515,-1.067717,-0.983524,0.457949
76,0.35,theta,516,1.676203,0.584631,0.504037
76,0.35,theta,517,0.281732,0.571156,0.500287
76,0.35,theta,518,-0.516137,-0.379666,0.463472
76,0.35,theta,519,-1.237835,-0.474306,0.470758
76,0.35,theta,520,0.555424,0.145716,0.449882
76,0.35,theta,521,-1.499448,-1.422995,0.484436
76,0.35,theta,522,2.094713,1.66951,0.569574
76,0.35,theta,523,-0.010938,-0.030858,0.446371
76,0.35,theta,524,-0.764345,-0.275202,0.48995
76,0.35,theta,525,-1.133711,0.055763,0.467342
76,0.35,theta,526,-0.104559,-0.411122,0.463655
76,0.35,theta,527,-0.740265,-0.873861,0.462236
76,0.35,theta,528,-0.926528,0.086052,0.476167
76,0.35,theta,529,0.027894,0.455736,0.476648
76,0.35,theta,530,1.052519,0.940175,0.485996
76,0.35,theta,531,0.83288,0.40794,0.483569
76,0.35,theta,532,0.441753,1.24095,0.533479
76,0.35,theta,533,-0.182435,-0.683192,0.474092
76,0.35,theta,534,1.155912,0.502167,0.473735
76,0.35,theta,535,-0.787088,0.316598,0.470074
76,0.35,theta,536,0.907121,0.988496,0.518109
76,0.35,theta,537,0.542125,0.533206,0.478787
76,0.35,theta,538,0.080853,0.22204,0.428225
76,0.35,theta,539,1.455356,1.691745,0.554906
76,0.35,theta,540,-1.722454,-1.283045,0.440328
76,0.35,theta,541,-0.339244,-0.367329,0.433663
76,0.35,theta,542,0.740867,0.586426,0.483241
76,0.35,theta,543,1.437398,1.36158,0.526435
76,0.35,theta,544,-1.220272,-0.185182,0.504316
76,0.35,theta,545,1.473977,1.17795,0.499008
76,0.35,theta,546,0.8501,0.491162,0.456585
76,0.35,theta,547,-0.032977,-0.001844,0.482234
76,0.35,theta,548,-0.075227,-0.248285,0.495041
76,0.35,theta,549,-0.5891,-0.359588,0.477464
76,0.35,theta,550,1.246462,1.489745,0.520958
76,0.35,theta,551,0.628205,0.102116,0.445994
76,0.35,theta,552,0.967333,0.460242,0.491083
76,0.35,theta,553,0.846305,1.281115,0.537892
76,0.35,theta,554,0.626085,0.348648,0.507088
76,0.35,theta,555,0.079656,0.634372,0.514832
76,0.35,theta,556,0.349939,-0.27548,0.437386
76,0.35,theta,557,0.224683,-0.037031,0.457985
76,0.35,theta,558,0.796563,0.374657,0.471501
76,0.35,theta,559,0.150438,0.369328,0.464464
76,0.35,theta,560,-0.472673,-0.809626,0.464115
76,0.35,theta,561,-0.686145,-0.36343,0.466541
76,0.35,theta,562,0.044337,0.392688,0.478613
76,0.35,theta,563,1.567223,1.4107,0.529418
76,0.35,theta,564,-0.239193,-0.99924,0.493894
76,0.35,theta,565,0.307693,0.838544,0.492206
76,0.35,theta,566,-0.311289,-1.007485,0.518091
76,0.35,theta,567,-0.114227,-0.603212,0.451873
76,0.35,theta,568,-0.411113,0.127334,0.465908
76,0.35,theta,569,0.059124,0.135262,0.465035
76,0.35,theta,570,0.100921,0.259667,0.446691
76,0.35,theta,571,0.704269,1.203695,0.510925
76,0.35,theta,572,-0.040373,-0.006502,0.478964
76,0.35,theta,573,-0.699635,-0.418037,0.477897
76,0.35,theta,574,-1.159,-0.834378,0.49277
76,0.35,theta,575,-0.265069,-0.01125,0.454368
76,0.35,theta,576,1.587284,1.221285,0.521581
76,0.35,theta,577,2.229428,0.902741,0.469333
76,0.35,theta,578,-0.215077,0.100559,0.485508
76,0.35,theta,579,0.681738,0.624106,0.480964
76,0.35,theta,580,0.26116,-0.9624,0.514732
76,0.35,theta,581,-0.302337,0.450331,0.488702
76,0.35,theta,582,0.183998,0.540062,0.486328
76,0.35,theta,583,0.849304,0.661866,0.4662
76,0.35,theta,584,-0.975993,-0.967996,0.485653
76,0.35,theta,585,0.592032,1.12648,0.507039
76,0.35,theta,586,-0.299634,0.135224,0.476355
76,0.35,theta,587,-0.170482,-0.620616,0.486906
76,0.35,theta,588,-0.239479,-0.010931,0.441415
76,0.35,theta,589,1.517412,1.070075,0.510529
76,0.35,theta,590,2.484956,1.549355,0.550756
76,0.35,theta,591,0.883449,0.96852,0.487827
76,0.35,theta,592,0.754839,1.14647,0.483051
76,0.35,theta,593,-0.771242,-0.296412,0.469567
76,0.35,theta,594,0.234534,0.302143,0.432595
76,0.35,theta,595,1.112104,0.681638,0.477037
76,0.35,theta,596,-1.115586,-0.652111,0.484052
76,0.35,theta,597,0.815879,0.757614,0.49284
76,0.35,theta,598,0.858119,0.314508,0.47737
76,0.35,theta,599,0.880757,1.17319,0.520532
76,0.35,theta,600,1.150209,1.2819,0.504785
76,0.35,theta,601,0.902476,1.635185,0.532168
76,0.35,theta,602,-0.769295,-0.077383,0.476844
76,0.35,theta,603,-2.081347,-1.67112,0.554803
76,0.35,theta,604,-1.192328,-0.571488,0.501646
76,0.35,theta,605,-0.354443,-0.206878,0.486983
76,0.35,theta,606,-1.538588,-1.465715,0.52088
76,0.35,theta,607,-0.752998,-0.529842,0.468862
76,0.35,theta,608,0.681776,0.239646,0.44626
76,0.35,theta,609,-0.566731,0.086114,0.506166
76,0.35,theta,610,-1.456655,0.113842,0.466136
76,0.35,theta,611,-0.097743,0.109263,0.461184
76,0.35,theta,612,-1.204769,-0.275134,0.465167
76,0.35,theta,613,-2.070197,-0.569013,0.4705
76,0.35,theta,614,1.230152,1.120035,0.5001
76,0.35,theta,615,0.366406,0.234736,0.446549
76,0.35,theta,616,-2.203782,-1.17233,0.5168
76,0.35,theta,617,0.023517,0.030596,0.484083
76,0.35,theta,618,0.958551,0.91054,0.491744
76,0.35,theta,619,-2.248503,-1.29335,0.494568
76,0.35,theta,620,-0.119364,0.214266,0.454112
76,0.35,theta,621,-0.357893,0.788358,0.505816
76,0.35,theta,622,-0.476127,-0.098895,0.496349
76,0.35,theta,623,0.583564,0.259622,0.45288
76,0.35,theta,624,1.06748,1.30118,0.536532
76,0.35,theta,625,0.367458,0.99807,0.474728
76,0.35,theta,626,0.426731,0.559044,0.488375
76,0.35,theta,627,0.100344,0.445824,0.446049
76,0.35,theta,628,-0.398663,-0.876091,0.470008
76,0.35,theta,629,-1.096631,-0.996756,0.497486
76,0.35,theta,630,-0.499654,-0.912205,0.525455
76,0.35,theta,631,-0.387932,-0.298532,0.450081
76,0.35,theta,632,-1.015241,-0.461168,0.455061
76,0.35,theta,633,0.726781,0.332167,0.502647
76,0.35,theta,634,-0.319238,-0.461176,0.493791
76,0.35,theta,635,0.781498,0.818092,0.490812
76,0.35,theta,636,-3.491196,-2.586325,0.61176
76,0.35,theta,637,-1.192081,-1.65307,0.495259
76,0.35,theta,638,-4.389203,-2.59299,0.586235
76,0.35,theta,639,0.22093,0.843246,0.478281
76,0.35,theta,640,-0.198129,0.103603,0.469162
76,0.35,theta,641,-0.416666,-0.369414,0.486952
76,0.35,theta,642,1.342213,1.21868,0.52367
76,0.35,theta,643,0.413003,0.120998,0.416848
76,0.35,theta,644,-1.413774,-0.84573,0.450703
76,0.35,theta,645,-2.552795,-2.059665,0.526515
76,0.35,theta,646,-1.653433,-1.558855,0.52962
76,0.35,theta,647,-1.725695,-1.889645,0.516332
76,0.35,theta,648,0.599536,0.604611,0.437971
76,0.35,theta,649,0.187138,-0.0436,0.486251
76,0.35,theta,650,-0.602228,-1.26181,0.520701
76,0.35,theta,651,1.232996,0.899522,0.485149
76,0.35,theta,652,1.802738,2.19396,0.604917
76,0.35,theta,653,0.15737,0.26637,0.452503
76,0.35,theta,654,0.126183,-0.006888,0.446859
76,0.35,theta,655,0.475779,0.581088,0.455539
76,0.35,theta,656,-0.507693,-0.710682,0.462206
76,0.35,theta,657,0.585037,0.500598,0.470367
76,0.35,theta,658,-0.043847,-0.445451,0.4827
76,0.35,theta,659,0.217258,0.302661,0.468
76,0.35,theta,660,0.732754,0.258815,0.50044
76,0.35,theta,661,0.371979,-0.665685,0.522503
76,0.35,theta,662,0.377261,0.718684,0.511024
76,0.35,theta,663,-0.657493,0.228894,0.479
76,0.35,theta,664,0.163442,-0.347773,0.429563
76,0.35,theta,665,0.503931,0.88254,0.470889
76,0.35,theta,666,-2.13524,-1.058035,0.505847
76,0.35,theta,667,-1.561071,-1.19293,0.513212
76,0.35,theta,668,1.897246,1.53131,0.550181
76,0.35,theta,669,0.293927,-0.321494,0.493027
76,0.35,theta,670,1.2823,0.389128,0.459216
76,0.35,theta,671,-1.092192,-0.717773,0.475582
76,0.35,theta,672,-0.391691,-0.771218,0.520273
76,0.35,theta,673,0.336442,0.656584,0.469354
76,0.35,theta,674,-0.96879,-1.34095,0.47432
76,0.35,theta,675,0.95455,1.00153,0.475883
76,0.35,theta,676,0.70277,1.03673,0.495742
76,0.35,theta,677,-0.822939,-0.495541,0.525444
76,0.35,theta,678,0.045175,-0.104428,0.46789
76,0.35,theta,679,0.623183,1.162835,0.514196
76,0.35,theta,680,-0.439531,-0.579854,0.473008
76,0.35,theta,681,-1.450503,-1.63232,0.542069
76,0.35,theta,682,-0.998044,-0.250599,0.473307
76,0.35,theta,683,1.339961,1.36757,0.530775
76,0.35,theta,684,-0.415064,-0.294998,0.457063
76,0.35,theta,685,-0.797767,-0.663286,0.431783
76,0.35,theta,686,0.499919,0.833087,0.500354
76,0.35,theta,687,-0.456002,-0.951386,0.499939
76,0.35,theta,688,0.416648,1.142505,0.529823
76,0.35,theta,689,-0.892322,-0.06282,0.49173
76,0.35,theta,690,1.427182,1.069775,0.545346
76,0.35,theta,691,0.186476,-0.76102,0.465183
76,0.35,theta,692,-0.7027,-0.017369,0.480765
76,0.35,theta,693,-0.455707,-0.116498,0.475807
76,0.35,theta,694,0.299268,-0.225992,0.436925
76,0.35,theta,695,-0.271514,-0.939792,0.473973
76,0.35,theta,696,-0.344627,0.239959,0.471918
76,0.35,theta,697,2.255471,1.99624,0.547376
76,0.35,theta,698,0.289345,0.176794,0.472013
76,0.35,theta,699,1.464548,1.138355,0.508095
76,0.35,theta,700,0.593135,0.534639,0.509187
76,0.35,theta,701,0.261218,-0.274563,0.451693
76,0.35,theta,702,-0.521043,-0.805191,0.481486
76,0.35,theta,703,1.708852,1.42231,0.502746
76,0.35,theta,704,-0.755046,-0.727332,0.466553
76,0.35,theta,705,0.461842,1.35102,0.518203
76,0.35,theta,706,-0.811152,-0.667069,0.457774
76,0.35,theta,707,-1.548065,-1.224525,0.510433
76,0.35,theta,708,1.314785,-0.074508,0.454953
76,0.35,theta,709,0.94486,0.535876,0.466532
76,0.35,theta,710,0.334654,-0.522694,0.49345
76,0.35,theta,711,-0.875714,-1.366695,0.498438
76,0.35,theta,712,-0.099052,-0.308426,0.489619
76,0.35,theta,713,-0.470236,-0.373726,0.48325
76,0.35,theta,714,-0.619931,-1.0046,0.469501
76,0.35,theta,715,-1.081683,-0.074312,0.463416
76,0.35,theta,716,-0.467009,-1.1206,0.474065
76,0.35,theta,717,1.041887,0.470088,0.495775
76,0.35,theta,718,0.532704,1.50242,0.555814
76,0.35,theta,719,1.021379,1.095595,0.489492
76,0.35,theta,720,0.552237,0.341225,0.461114
76,0.35,theta,721,1.047021,1.08488,0.494023
76,0.35,theta,722,0.140407,-0.037668,0.47544
76,0.35,theta,723,0.10281,0.162673,0.469675
76,0.35,theta,724,3.767203,2.357535,0.603265
76,0.35,theta,725,-1.659624,-0.973362,0.486037
76,0.35,theta,726,1.128066,0.543642,0.457956
76,0.35,theta,727,-0.003046,0.168418,0.482442
76,0.35,theta,728,1.023412,0.416296,0.488903
76,0.35,theta,729,1.442559,1.605515,0.543164
76,0.35,theta,730,1.483125,0.609512,0.48935
76,0.35,theta,731,-1.024044,-0.544919,0.494572
76,0.35,theta,732,1.943096,0.944768,0.470438
76,0.35,theta,733,0.957789,0.362226,0.485406
76,0.35,theta,734,1.100135,1.00545,0.485237
76,0.35,theta,735,-1.393029,-0.565848,0.460914
76,0.35,theta,736,1.883047,1.73052,0.541606
76,0.35,theta,737,-0.192245,0.216095,0.481434
76,0.35,theta,738,-0.83328,0.390378,0.487653
76,0.35,theta,739,-2.588254,-1.80613,0.533815
76,0.35,theta,740,-0.747957,-0.589965,0.46164
76,0.35,theta,741,0.320366,0.017829,0.461132
76,0.35,theta,742,-1.178344,-1.127875,0.498601
76,0.35,theta,743,-0.210174,-0.282892,0.44422
76,0.35,theta,744,-2.724645,-1.33926,0.502189
76,0.35,theta,745,1.549295,0.9464,0.470047
76,0.35,theta,746,0.633701,-0.48669,0.446529
76,0.35,theta,747,0.483695,-0.260343,0.469962
76,0.35,theta,748,-0.69894,0.175282,0.46936
76,0.35,theta,749,-1.045637,-0.550779,0.467764
76,0.35,theta,750,-0.028587,-0.214538,0.495915
76,0.35,theta,751,1.532323,0.790074,0.497962
76,0.35,theta,752,-0.015513,0.029482,0.503238
76,0.35,theta,753,0.214676,-0.367969,0.434861
76,0.35,theta,754,-1.503101,-0.76482,0.459462
76,0.35,theta,755,-1.39045,-0.48573,0.474457
76,0.35,theta,756,0.029954,-0.23128,0.468158
76,0.35,theta,757,-0.931532,-0.269402,0.472041
76,0.35,theta,758,1.045247,0.547892,0.470943
76,0.35,theta,759,-0.006778,-1.075145,0.487634
76,0.35,theta,760,0.562762,-0.088102,0.484307
76,0.35,theta,761,1.008632,0.372012,0.458299
76,0.35,theta,762,0.235849,0.453032,0.474894
76,0.35,theta,763,0.893797,0.7551,0.473792
76,0.35,theta,764,-2.92905,-1.870585,0.546576
76,0.35,theta,765,-0.320578,-0.61257,0.46638
76,0.35,theta,766,-0.111248,-0.65851,0.466059
76,0.35,theta,767,1.137886,0.477132,0.483492
76,0.35,theta,768,-1.651276,-0.249918,0.495452
76,0.35,theta,769,-0.380258,0.223096,0.454878
76,0.35,theta,770,-0.412057,-0.855054,0.488275
76,0.35,theta,771,-0.477818,-0.448814,0.41347
76,0.35,theta,772,0.828369,1.181005,0.494523
76,0.35,theta,773,0.530671,0.667568,0.473129
76,0.35,theta,774,-1.515336,-0.770068,0.463928
76,0.35,theta,775,-0.839905,-0.61917,0.469362
76,0.35,theta,776,-0.003009,-0.462442,0.460433
76,0.35,theta,777,0.032174,0.49551,0.472981
76,0.35,theta,778,1.129896,0.514454,0.488479
76,0.35,theta,779,1.293768,0.744972,0.488103
76,0.35,theta,780,-0.63528,-0.856684,0.452877
76,0.35,theta,781,-1.326164,-0.063938,0.442458
76,0.35,theta,782,1.302733,1.035405,0.528369
76,0.35,theta,783,-0.309042,-0.928187,0.479702
76,0.35,theta,784,0.750828,0.914346,0.503346
76,0.35,theta,785,-0.154087,0.27605,0.452058
76,0.35,theta,786,-0.591227,-0.632118,0.523036
76,0.35,theta,787,0.006527,-0.749683,0.471463
76,0.35,theta,788,1.038649,0.922614,0.486119
76,0.35,theta,789,0.046674,0.091568,0.43706
76,0.35,theta,790,-0.521661,0.014784,0.493717
76,0.35,theta,791,0.791904,0.267183,0.439598
76,0.35,theta,792,-0.990532,1.0014,0.495886
76,0.35,theta,793,0.429436,0.701844,0.521125
76,0.35,theta,794,-1.877093,-1.272405,0.498444
76,0.35,theta,795,0.104255,0.604458,0.470406
76,0.35,theta,796,-1.091213,-0.245904,0.479177
76,0.35,theta,797,0.132201,-0.361092,0.504175
76,0.35,theta,798,-0.549896,0.356567,0.463657
76,0.35,theta,799,-1.200782,-1.31682,0.493595
76,0.35,theta,800,0.579268,0.45539,0.468895
76,0.35,theta,801,-0.426956,-0.783378,0.458851
76,0.35,theta,802,0.69502,1.093805,0.510614
76,0.35,theta,803,0.301353,0.530034,0.491844
76,0.35,theta,804,-0.717196,-0.673178,0.472907
76,0.35,theta,805,0.154604,-0.13084,0.504031
76,0.35,theta,806,0.23721,0.337363,0.477906
76,0.35,theta,807,0.605832,1.5346,0.555181
76,0.35,theta,808,1.488462,1.526305,0.566767
76,0.35,theta,809,0.53337,0.824644,0.479919
76,0.35,theta,810,0.499634,0.152559,0.517774
76,0.35,theta,811,0.082897,0.232987,0.465866
76,0.35,theta,812,1.396619,1.034845,0.517893
76,0.35,theta,813,0.048724,-0.685574,0.488487
76,0.35,theta,814,0.076315,0.56141,0.507908
76,0.35,theta,815,1.389757,2.007745,0.545615
76,0.35,theta,816,1.75881,1.28144,0.515237
76,0.35,theta,817,-0.360242,-0.051426,0.477838
76,0.35,theta,818,0.357321,0.381298,0.503334
76,0.35,theta,819,-0.016024,0.213242,0.455396
76,0.35,theta,820,-1.199446,-0.029483,0.450605
76,0.35,theta,821,-0.23208,-0.175974,0.454042
76,0.35,theta,822,0.854179,0.663038,0.503025
76,0.35,theta,823,0.948415,1.02895,0.500679
76,0.35,theta,824,-0.819041,-0.46578,0.449625
76,0.35,theta,825,-0.600499,0.149418,0.447272
76,0.35,theta,826,0.065145,0.341278,0.497673
76,0.35,theta,827,-1.184679,-1.32699,0.503409
76,0.35,theta,828,-0.837016,-1.376245,0.506082
76,0.35,theta,829,-1.200642,-1.466975,0.531142
76,0.35,theta,830,0.778676,0.610979,0.474656
76,0.35,theta,831,0.560336,-0.046821,0.485868
76,0.35,theta,832,1.364716,0.928697,0.513838
76,0.35,theta,833,-0.063128,0.191569,0.471694
76,0.35,theta,834,0.865402,0.772855,0.45732
76,0.35,theta,835,-0.286818,0.157458,0.458858
76,0.35,theta,836,0.161133,-0.756338,0.491498
76,0.35,theta,837,-0.338403,-1.047495,0.507548
76,0.35,theta,838,-0.107718,-0.441087,0.492943
76,0.35,theta,839,0.949624,1.4255,0.534188
76,0.35,theta,840,0.253301,0.355045,0.466507
76,0.35,theta,841,1.956493,2.045115,0.603681
76,0.35,theta,842,0.02218,-0.646987,0.498844
76,0.35,theta,843,-0.595509,0.727722,0.506399
76,0.35,theta,844,1.273977,0.971424,0.516253
76,0.35,theta,845,0.620663,-0.141436,0.472426
76,0.35,theta,846,0.241701,0.289304,0.457615
76,0.35,theta,847,-0.174096,0.075068,0.468921
76,0.35,theta,848,-0.343432,-0.638902,0.461044
76,0.35,theta,849,-1.56451,-1.50076,0.490393
76,0.35,theta,850,-0.16356,0.3881,0.472546
76,0.35,theta,851,-0.747858,-0.872785,0.460469
76,0.35,theta,852,0.239061,-0.66539,0.456584
76,0.35,theta,853,0.501737,-0.583768,0.492865
76,0.35,theta,854,-0.188093,-0.652601,0.485365
76,0.35,theta,855,1.415738,1.338945,0.524691
76,0.35,theta,856,-2.763277,-2.496345,0.558441
76,0.35,theta,857,-1.275772,-0.981172,0.496854
76,0.35,theta,858,-0.930443,0.251035,0.463308
76,0.35,theta,859,0.383521,0.690738,0.483141
76,0.35,theta,860,-1.33237,-0.206118,0.486575
76,0.35,theta,861,-0.923125,-0.642998,0.497907
76,0.35,theta,862,-0.738259,-1.308075,0.486135
76,0.35,theta,863,-1.107049,-0.314985,0.440126
76,0.35,theta,864,-0.736268,-0.030915,0.456366
76,0.35,theta,865,-0.630646,-0.008175,0.439432
76,0.35,theta,866,0.283944,0.600631,0.455409
76,0.35,theta,867,-0.167202,-0.823778,0.464926
76,0.35,theta,868,0.090727,-0.251795,0.463155
76,0.35,theta,869,0.689902,0.599495,0.475054
76,0.35,theta,870,-0.517672,-0.921517,0.484508
76,0.35,theta,871,-0.701499,-1.608445,0.52297
76,0.35,theta,872,1.166982,0.581716,0.502752
76,0.35,theta,873,0.127678,0.801232,0.49287
76,0.35,theta,874,-1.058264,-1.62594,0.515349
76,0.35,theta,875,1.775223,0.699148,0.50377
76,0.35,theta,876,0.861664,0.713394,0.476483
76,0.35,theta,877,1.604403,0.935305,0.516824
76,0.35,theta,878,-0.360784,0.460838,0.506077
76,0.35,theta,879,1.780337,0.754098,0.516079
76,0.35,theta,880,0.876801,1.427845,0.542577
76,0.35,theta,881,1.004684,0.829694,0.517676
76,0.35,theta,882,-0.01556,0.143826,0.47833
76,0.35,theta,883,-0.411593,0.178774,0.489162
76,0.35,theta,884,-1.995985,-1.350125,0.530493
76,0.35,theta,885,0.32215,-0.55221,0.473292
76,0.35,theta,886,-1.003937,-1.48444,0.525934
76,0.35,theta,887,0.417664,0.27527,0.467795
76,0.35,theta,888,0.804605,0.777574,0.510086
76,0.35,theta,889,-1.621812,-1.805135,0.504952
76,0.35,theta,890,0.043755,0.404306,0.490144
76,0.35,theta,891,-0.794264,-0.695417,0.497531
76,0.35,theta,892,-1.136877,-0.060594,0.477612
76,0.35,theta,893,-0.05969,0.042834,0.434313
76,0.35,theta,894,-0.420145,-0.629678,0.478666
76,0.35,theta,895,-1.302197,0.3369,0.454265
76,0.35,theta,896,-0.39956,-0.464322,0.484932
76,0.35,theta,897,0.050169,-0.20724,0.466298
76,0.35,theta,898,1.238011,1.137775,0.53652
76,0.35,theta,899,1.389663,0.154335,0.459254
76,0.35,theta,900,-0.078652,0.760134,0.471113
76,0.35,theta,901,0.536703,-0.027569,0.452075
76,0.35,theta,902,-0.832426,-1.854095,0.529614
76,0.35,theta,903,0.569762,0.108692,0.42251
76,0.35,theta,904,-0.611732,0.040471,0.480246
76,0.35,theta,905,-0.593417,-0.749787,0.448677
76,0.35,theta,906,-0.946279,0.049973,0.44906
76,0.35,theta,907,0.996771,0.160591,0.475065
76,0.35,theta,908,-1.611783,-1.536225,0.534692
76,0.35,theta,909,0.864436,0.019195,0.475427
76,0.35,theta,910,0.835076,0.630928,0.44431
76,0.35,theta,911,-2.016261,-0.978623,0.525444
76,0.35,theta,912,-0.553763,-0.315832,0.495311
76,0.35,theta,913,-0.80784,-0.269921,0.451146
76,0.35,theta,914,-2.209363,0.111231,0.45529
76,0.35,theta,915,2.349281,0.813027,0.462397
76,0.35,theta,916,0.945435,0.899559,0.4995
76,0.35,theta,917,1.087888,0.710356,0.4797
76,0.35,theta,918,-0.019408,-0.744638,0.452309
76,0.35,theta,919,0.719472,1.376205,0.530595
76,0.35,theta,920,1.959132,1.10851,0.510503
76,0.35,theta,921,-1.536602,0.162055,0.460408
76,0.35,theta,922,0.853963,0.31157,0.483092
76,0.35,theta,923,0.105861,0.353882,0.441672
76,0.35,theta,924,0.758732,0.248273,0.475107
76,0.35,theta,925,1.684021,0.676467,0.485138
76,0.35,theta,926,-0.324135,0.104229,0.481518
76,0.35,theta,927,-0.280155,-0.895827,0.450167
76,0.35,theta,928,-0.446261,-0.096014,0.483881
76,0.35,theta,929,-0.369067,-0.410256,0.519938
76,0.35,theta,930,0.480555,-0.062509,0.507263
76,0.35,theta,931,-0.599376,-1.481975,0.479128
76,0.35,theta,932,-0.919835,-0.211028,0.47381
76,0.35,theta,933,0.131958,0.297824,0.450273
76,0.35,theta,934,-1.176304,-1.614785,0.51566
76,0.35,theta,935,0.187312,-0.809454,0.50179
76,0.35,theta,936,-0.042672,-0.582469,0.449245
76,0.35,theta,937,-0.843486,-1.01348,0.491703
76,0.35,theta,938,-2.191223,-1.2963,0.497863
76,0.35,theta,939,0.269237,1.368915,0.535239
76,0.35,theta,940,-0.102998,-0.302904,0.46746
76,0.35,theta,941,1.454492,1.4098,0.563075
76,0.35,theta,942,-0.847727,-0.940855,0.485134
76,0.35,theta,943,2.943773,1.11994,0.511706
76,0.35,theta,944,0.196616,0.427192,0.451439
76,0.35,theta,945,-0.503283,-0.491458,0.465688
76,0.35,theta,946,-0.723948,-1.161905,0.493266
76,0.35,theta,947,0.545049,0.877582,0.47975
76,0.35,theta,948,-1.544328,-0.816903,0.47194
76,0.35,theta,949,-0.076759,-0.577762,0.506242
76,0.35,theta,950,-0.871115,0.172883,0.446247
76,0.35,theta,951,2.197168,1.40947,0.488059
76,0.35,theta,952,1.257305,1.403195,0.499731
76,0.35,theta,953,1.500698,1.373705,0.517644
76,0.35,theta,954,-1.134275,-0.19265,0.457665
76,0.35,theta,955,-1.53262,-1.20456,0.491278
76,0.35,theta,956,2.145592,1.500255,0.532443
76,0.35,theta,957,1.26594,1.01471,0.525831
76,0.35,theta,958,1.243346,1.232515,0.500913
76,0.35,theta,959,-0.917999,0.069311,0.471578
76,0.35,theta,960,1.224277,1.382865,0.528622
76,0.35,theta,961,0.821812,0.448352,0.468768
76,0.35,theta,962,1.002031,1.21491,0.508719
76,0.35,theta,963,-0.872669,-1.222235,0.481187
76,0.35,theta,964,-0.580016,0.046199,0.477542
76,0.35,theta,965,-0.654742,-0.550166,0.463636
76,0.35,theta,966,-1.083241,-0.119341,0.472594
76,0.35,theta,967,-1.6794,-1.45994,0.521877
76,0.35,theta,968,0.70856,1.670585,0.575673
76,0.35,theta,969,-0.328376,-0.583738,0.492532
76,0.35,theta,970,-0.282721,-0.479723,0.398195
76,0.35,theta,971,0.005306,0.306505,0.488183
76,0.35,theta,972,-0.324342,-1.238385,0.507884
76,0.35,theta,973,-0.057861,0.31722,0.49257
76,0.35,theta,974,1.387774,1.260315,0.507982
76,0.35,theta,975,1.391474,0.2234,0.452685
76,0.35,theta,976,-0.377231,-0.613406,0.468439
76,0.35,theta,977,0.394167,-0.240382,0.459451
76,0.35,theta,978,1.434437,1.09012,0.488963
76,0.35,theta,979,-2.067569,-1.48572,0.536462
76,0.35,theta,980,-0.439668,-0.425455,0.483937
76,0.35,theta,981,-0.462151,0.404939,0.447451
76,0.35,theta,982,-0.673957,0.270346,0.465655
76,0.35,theta,983,-0.052387,0.350693,0.51083
76,0.35,theta,984,-0.241467,-1.60621,0.522059
76,0.35,theta,985,0.06653,-0.061185,0.533118
76,0.35,theta,986,-2.075216,-1.540025,0.514467
76,0.35,theta,987,-0.505992,0.422973,0.506379
76,0.35,theta,988,1.614031,1.861835,0.554322
76,0.35,theta,989,-1.837766,-1.59418,0.536094
76,0.35,theta,990,1.606169,1.23939,0.485728
76,0.35,theta,991,-2.254688,-2.12455,0.545831
76,0.35,theta,992,0.20515,0.562753,0.466692
76,0.35,theta,993,0.888137,0.42295,0.50986
76,0.35,theta,994,-0.352924,0.067807,0.484202
76,0.35,theta,995,1.398401,0.969556,0.494757
76,0.35,theta,996,-0.827634,-1.349115,0.497023
76,0.35,theta,997,0.651142,-0.415579,0.476316
76,0.35,theta,998,0.252413,0.68905,0.473451
76,0.35,theta,999,-0.727423,-1.562975,0.502713
76,0.35,theta,1000,0.966922,0.702867,0.478396
76,0.35,theta,1001,0.413849,0.454967,0.435573
76,0.35,theta,1002,0.445193,0.836954,0.455054
76,0.35,theta,1003,-0.500746,-0.480018,0.486614
76,0.35,theta,1004,0.497611,0.83797,0.462769
76,0.35,theta,1005,0.127675,0.409817,0.461719
76,0.35,theta,1006,-1.03224,-0.963361,0.50382
76,0.35,theta,1007,1.195835,0.900398,0.507748
76,0.35,theta,1008,0.635093,0.421758,0.540132
76,0.35,theta,1009,0.48827,0.109484,0.455677
76,0.35,theta,1010,2.254254,1.570805,0.545664
76,0.35,theta,1011,0.6512,0.504817,0.479208
76,0.35,theta,1012,1.049402,0.644826,0.491069
76,0.35,theta,1013,1.066882,1.06475,0.495608
76,0.35,theta,1014,0.65743,-0.035976,0.47366
76,0.35,theta,1015,-0.741183,-0.619779,0.478162
76,0.35,theta,1016,0.24004,0.804018,0.505113
76,0.35,theta,1017,0.630676,0.986584,0.524486
76,0.35,theta,1018,-0.639572,-0.99232,0.481765
76,0.35,theta,1019,-0.672885,-1.201095,0.52088
76,0.35,theta,1020,-0.404923,-0.303316,0.411277
76,0.35,theta,1021,-2.788467,-2.077565,0.53625
76,0.35,theta,1022,0.901903,0.738496,0.465273
76,0.35,theta,1023,-0.250163,-0.24039,0.416129
76,0.35,theta,1024,0.031757,0.505302,0.467049
76,0.35,theta,1025,1.407142,0.923511,0.48821
76,0.35,theta,1026,-0.515016,-0.6643,0.50726
76,0.35,theta,1027,0.325245,-0.566194,0.46138
76,0.35,theta,1028,-0.332223,0.603514,0.513437
76,0.35,theta,1029,-0.336525,0.15502,0.500915
76,0.35,theta,1030,-1.084587,-0.744044,0.484429
76,0.35,theta,1031,0.490374,-0.665854,0.469464
76,0.35,theta,1032,-0.3951,-0.271912,0.456691
76,0.35,theta,1033,0.451667,-0.334426,0.474326
76,0.35,theta,1034,1.493171,0.877334,0.496598
76,0.35,theta,1035,1.563828,1.72746,0.567021
76,0.35,theta,1036,0.388659,0.457807,0.468807
76,0.35,theta,1037,-0.950729,-0.268304,0.444112
76,0.35,theta,1038,1.18968,0.401623,0.46531
76,0.35,theta,1039,-0.324295,0.494484,0.484077
76,0.35,theta,1040,-1.120719,-0.882001,0.541775
76,0.35,theta,1041,-1.00704,-0.758693,0.476961
76,0.35,theta,1042,0.161225,0.231269,0.48454
76,0.35,theta,1043,0.901436,0.703102,0.51285
76,0.35,theta,1044,0.226003,0.472732,0.473741
76,0.35,theta,1045,-0.067187,-0.513068,0.462774
76,0.35,theta,1046,-0.073078,-0.430426,0.423501
76,0.35,theta,1047,0.055098,0.446498,0.487278
76,0.35,theta,1048,-0.499344,-0.294315,0.485514
76,0.35,theta,1049,-0.127326,-0.729284,0.475625
76,0.35,theta,1050,-1.032115,-1.22433,0.497682
76,0.35,theta,1051,-0.464023,0.208344,0.451935
76,0.35,theta,1052,-0.452351,0.005091,0.436004
76,0.35,theta,1053,1.549105,1.363535,0.517311
76,0.35,theta,1054,-0.94204,-0.737798,0.457032
76,0.35,theta,1055,0.565468,0.340286,0.455537
76,0.35,theta,1056,-0.387344,1.020625,0.502631
76,0.35,theta,1057,-0.365852,-0.431502,0.473648
76,0.35,theta,1058,0.256544,0.658496,0.476283
76,0.35,theta,1059,-0.023195,1.035505,0.488804
76,0.35,theta,1060,-1.189823,-0.49523,0.476953
76,0.35,theta,1061,-1.211397,0.001329,0.519632
76,0.35,theta,1062,1.137025,1.283915,0.540254
76,0.35,theta,1063,0.458764,0.323699,0.46631
76,0.35,theta,1064,1.393565,0.734969,0.504999
76,0.35,theta,1065,-0.791377,-0.801402,0.484941
76,0.35,theta,1066,-0.977865,-0.53557,0.46085
76,0.35,theta,1067,1.191573,0.684622,0.465579
76,0.35,theta,1068,-0.34629,-0.365707,0.508214
76,0.35,theta,1069,0.124671,-0.329746,0.470292
76,0.35,theta,1070,-0.134839,-0.326772,0.457633
76,0.35,theta,1071,-1.067124,-0.448238,0.466999
76,0.35,theta,1072,-0.436014,-0.591712,0.445141
76,0.35,theta,1073,-0.544761,0.124498,0.459841
76,0.35,theta,1074,1.756123,1.52453,0.530912
76,0.35,theta,1075,-0.193968,0.12194,0.452934
76,0.35,theta,1076,-0.281242,-0.047016,0.464318
76,0.35,theta,1077,-0.817046,-0.144094,0.474404
76,0.35,theta,1078,-1.901435,-0.650338,0.459065
76,0.35,theta,1079,-0.95342,-0.272564,0.47101
76,0.35,theta,1080,1.171539,0.670214,0.470664
76,0.35,theta,1081,1.813251,1.150345,0.482271
76,0.35,theta,1082,-0.828407,-0.743497,0.478335
76,0.35,theta,1083,-1.817125,-1.47846,0.53031
76,0.35,theta,1084,0.388233,0.467765,0.468473
76,0.35,theta,1085,-1.197232,-1.615865,0.537907
76,0.35,theta,1086,-0.557931,0.037903,0.460799
76,0.35,theta,1087,0.771566,0.398883,0.458247
76,0.35,theta,1088,-1.597817,-1.688465,0.550462
76,0.35,theta,1089,1.16229,1.130545,0.512195
76,0.35,theta,1090,1.526259,0.83267,0.482556
76,0.35,theta,1091,-1.908378,-2.114845,0.545374
76,0.35,theta,1092,-0.725694,0.081648,0.489434
76,0.35,theta,1093,-1.691778,0.163946,0.448596
76,0.35,theta,1094,1.280736,0.817138,0.485455
76,0.35,theta,1095,0.509001,-0.096536,0.463308
76,0.35,theta,1096,0.147267,-0.895903,0.521503
76,0.35,theta,1097,-0.879283,-1.27245,0.465716
76,0.35,theta,1098,-0.712583,-0.925894,0.465157
76,0.35,theta,1099,-0.957788,-1.04643,0.494472
76,0.35,theta,1100,-0.678855,-0.850758,0.474902
76,0.35,theta,1101,0.315046,-0.602823,0.481946
76,0.35,theta,1102,0.711072,0.7048,0.513115
76,0.35,theta,1103,-0.182952,-0.024483,0.456409
76,0.35,theta,1104,0.702545,0.457868,0.489498
76,0.35,theta,1105,0.02333,-0.241542,0.476269
76,0.35,theta,1106,-0.830689,-0.449928,0.509065
76,0.35,theta,1107,1.022494,0.507127,0.485718
76,0.35,theta,1108,-0.421336,-0.697255,0.455618
76,0.35,theta,1109,-2.070069,-1.26828,0.512383
76,0.35,theta,1110,0.377365,0.727574,0.478748
76,0.35,theta,1111,0.066137,0.247669,0.475106
76,0.35,theta,1112,0.31224,0.344511,0.461197
76,0.35,theta,1113,-0.702449,-0.578156,0.460318
76,0.35,theta,1114,0.464994,0.236092,0.460398
76,0.35,theta,1115,0.213201,0.319404,0.469538
76,0.35,theta,1116,1.318486,0.911347,0.503179
76,0.35,theta,1117,-0.477127,-0.153293,0.465234
76,0.35,theta,1118,-0.754252,-2.21425,0.56345
76,0.35,theta,1119,-0.432258,-0.83606,0.469684
76,0.35,theta,1120,-0.315013,-0.44614,0.477564
76,0.35,theta,1121,1.094543,0.84003,0.471901
76,0.35,theta,1122,1.046372,0.488216,0.478531
76,0.35,theta,1123,0.027693,0.766161,0.489321
76,0.35,theta,1124,-0.679974,-0.286501,0.456906
76,0.35,theta,1125,0.913157,0.816734,0.494273
76,0.35,theta,1126,0.854733,0.54266,0.461669
76,0.35,theta,1127,-0.647643,-1.250835,0.479883
76,0.35,theta,1128,-0.301686,-1.03551,0.468161
76,0.35,theta,1129,0.225135,0.809144,0.486356
76,0.35,theta,1130,1.507185,1.111455,0.529374
76,0.35,theta,1131,-0.291607,-0.290288,0.407594
76,0.35,theta,1132,-0.904742,-0.967273,0.507171
76,0.35,theta,1133,-0.445321,-0.35604,0.420378
76,0.35,theta,1134,0.772409,0.157676,0.485034
76,0.35,theta,1135,-0.224403,-0.170758,0.461587
76,0.35,theta,1136,0.213811,-0.149798,0.503119
76,0.35,theta,1137,-1.098,-1.61167,0.533741
76,0.35,theta,1138,0.025067,-1.061145,0.460718
76,0.35,theta,1139,1.599505,0.740063,0.489315
76,0.35,theta,1140,0.375699,0.736616,0.483828
76,0.35,theta,1141,-0.56233,-0.147751,0.43612
76,0.35,theta,1142,-0.274361,-0.953997,0.449312
76,0.35,theta,1143,-0.072263,0.006419,0.510713
76,0.35,theta,1144,0.638409,1.1341,0.47742
76,0.35,theta,1145,1.090318,0.975995,0.505638
76,0.35,theta,1146,0.023081,-0.083253,0.449969
76,0.35,theta,1147,-2.043601,-1.75099,0.543184
76,0.35,theta,1148,1.025257,1.014755,0.532221
76,0.35,theta,1149,1.46997,0.545015,0.450922
76,0.35,theta,1150,-0.814027,-1.648015,0.535835
76,0.35,theta,1151,0.21862,0.239149,0.498837
76,0.35,theta,1152,1.544704,1.15354,0.4963
76,0.35,theta,1153,-0.420482,-0.454724,0.448108
76,0.35,theta,1154,-0.310355,0.001024,0.454875
76,0.35,theta,1155,-0.890213,-0.936511,0.437494
76,0.35,theta,1156,0.235132,0.356907,0.462393
76,0.35,theta,1157,-1.05002,0.192386,0.470256
76,0.35,theta,1158,1.58351,0.370277,0.484902
76,0.35,theta,1159,-0.369628,-0.746192,0.500926
76,0.35,theta,1160,0.598716,1.037965,0.51917
76,0.35,theta,1161,0.830858,0.215624,0.480906
76,0.35,theta,1162,0.077088,-0.256026,0.473336
76,0.35,theta,1163,-0.513113,-1.08779,0.458312
76,0.35,theta,1164,1.72354,1.665935,0.571168
76,0.35,theta,1165,-0.236513,-0.542044,0.502952
76,0.35,theta,1166,-1.226481,-0.905758,0.487124
76,0.35,theta,1167,1.321611,0.955092,0.502783
76,0.35,theta,1168,0.427488,0.570875,0.464459
76,0.35,theta,1169,-0.710149,-0.912286,0.463674
76,0.35,theta,1170,0.225826,-0.124147,0.437387
76,0.35,theta,1171,0.958301,0.91273,0.499658
76,0.35,theta,1172,0.240293,0.427672,0.475047
76,0.35,theta,1173,-0.367245,0.156976,0.478968
76,0.35,theta,1174,1.456198,1.48675,0.524276
76,0.35,theta,1175,-1.434836,-1.479545,0.496629
76,0.35,theta,1176,2.097088,1.23204,0.517677
76,0.35,theta,1177,0.844654,0.79514,0.472503
76,0.35,theta,1178,-0.718557,-1.682455,0.547465
76,0.35,theta,1179,0.865625,0.003358,0.457517
76,0.35,theta,1180,-0.048087,-0.112668,0.440835
76,0.35,theta,1181,-0.603084,-0.220577,0.462893
76,0.35,theta,1182,0.235475,0.041338,0.485465
76,0.35,theta,1183,0.02454,-0.287518,0.527085
76,0.35,theta,1184,-2.54267,-2.315985,0.556506
76,0.35,theta,1185,0.958,1.70227,0.557187
76,0.35,theta,1186,0.252037,0.41563,0.472058
76,0.35,theta,1187,-0.818622,-0.094185,0.467585
76,0.35,theta,1188,-0.880894,-1.38595,0.50845
76,0.35,theta,1189,1.038463,0.648691,0.51573
76,0.35,theta,1190,1.786364,1.814335,0.541833
76,0.35,theta,1191,-0.039352,0.343239,0.470568
76,0.35,theta,1192,-1.515631,-1.576275,0.515821
76,0.35,theta,1193,0.76964,0.47489,0.468514
76,0.35,theta,1194,0.231481,0.264766,0.475446
76,0.35,theta,1195,0.546898,0.97747,0.483278
76,0.35,theta,1196,-0.473719,-0.709792,0.482666
76,0.35,theta,1197,1.937662,1.240435,0.499583
76,0.35,theta,1198,-0.640713,-0.362824,0.525142
76,0.35,theta,1199,0.289097,0.959217,0.50583
76,0.35,theta,1200,1.976102,1.54896,0.54466
76,0.35,theta,1201,0.05361,-0.338622,0.474816
76,0.35,theta,1202,0.384063,0.642516,0.489048
76,0.35,theta,1203,0.22282,0.177526,0.485155
76,0.35,theta,1204,0.608691,-0.105553,0.454923
76,0.35,theta,1205,-0.97867,-1.03336,0.476987
76,0.35,theta,1206,0.273452,0.822874,0.506628
76,0.35,theta,1207,-1.984059,-1.53482,0.545626
76,0.35,theta,1208,1.247935,0.2276,0.456871
76,0.35,theta,1209,-0.213882,-0.61685,0.461058
76,0.35,theta,1210,-0.482911,-0.2177,0.479877
76,0.35,theta,1211,0.687815,1.170855,0.552478
76,0.35,theta,1212,0.233123,0.080277,0.441209
76,0.35,theta,1213,-0.663576,-0.825569,0.479337
76,0.35,theta,1214,1.42366,1.50471,0.563538
76,0.35,theta,1215,-2.388267,-1.3508,0.504207
76,0.35,theta,1216,-0.964918,-0.796144,0.497432
76,0.35,theta,1217,0.527505,-0.133862,0.461379
76,0.35,theta,1218,1.63907,0.982004,0.487832
76,0.35,theta,1219,-0.545712,-1.070395,0.51585
76,0.35,theta,1220,-2.352666,-1.94204,0.533992
76,0.35,theta,1221,0.817363,0.39692,0.511307
76,0.35,theta,1222,0.935448,1.09582,0.528652
76,0.35,theta,1223,-0.538043,-0.870634,0.493702
76,0.35,theta,1224,-2.134853,-1.586335,0.520193
76,0.35,theta,1225,0.708117,0.386529,0.442351
76,0.35,theta,1226,-0.098009,-0.490314,0.51981
76,0.35,theta,1227,-0.640353,-0.42745,0.493209
76,0.35,theta,1228,-0.717709,-0.698742,0.462072
76,0.35,theta,1229,0.180952,-0.20112,0.449675
76,0.35,theta,1230,-1.401806,-0.723734,0.48189
76,0.35,theta,1231,1.719063,0.877317,0.498799
76,0.35,theta,1232,-1.269635,-1.010165,0.455465
76,0.35,theta,1233,1.120592,1.42249,0.527405
76,0.35,theta,1234,-1.606081,-1.259255,0.500556
76,0.35,theta,1235,-1.650098,-1.11062,0.512344
76,0.35,theta,1236,0.164568,0.447052,0.487051
76,0.35,theta,1237,-0.297881,0.076421,0.477803
76,0.35,theta,1238,-1.854948,-1.497175,0.494694
76,0.35,theta,1239,-0.375803,0.457258,0.480512
76,0.35,theta,1240,0.007975,0.164058,0.445956
76,0.35,theta,1241,0.980073,0.172138,0.453983
76,0.35,theta,1242,-1.176585,-0.873381,0.467347
76,0.35,theta,1243,0.541948,0.079884,0.437324
76,0.35,theta,1244,1.153914,0.969464,0.500204
76,0.35,theta,1245,0.078768,-0.111554,0.473057
76,0.35,theta,1246,-0.128907,0.539338,0.486408
76,0.35,theta,1247,0.809343,1.07842,0.50378
76,0.35,theta,1248,0.090839,0.827368,0.458874
76,0.35,theta,1249,-0.475468,-0.21243,0.483043
76,0.35,theta,1250,0.583014,0.377415,0.468976
76,0.35,theta,1251,0.795385,0.357376,0.485589
76,0.35,theta,1252,-1.27025,-0.975597,0.432413
76,0.35,theta,1253,-0.470953,-0.635285,0.500762
76,0.35,theta,1254,2.076189,1.08383,0.535015
76,0.35,theta,1255,-0.177664,0.251439,0.430735
76,0.35,theta,1256,-1.065677,-0.293813,0.455188
76,0.35,theta,1257,0.228449,-0.066655,0.495379
76,0.35,theta,1258,-1.011733,-0.325719,0.4712
76,0.35,theta,1259,0.45392,0.005479,0.466879
76,0.35,theta,1260,-0.153702,-0.603842,0.467393
76,0.35,theta,1261,-0.766159,-0.283582,0.478461
76,0.35,theta,1262,0.355348,1.239365,0.496508
76,0.35,theta,1263,-2.596994,-2.502845,0.571108
76,0.35,theta,1264,0.083078,0.371497,0.461998
76,0.35,theta,1265,0.89168,0.318574,0.455804
76,0.35,theta,1266,-0.275849,0.32494,0.4531
76,0.35,theta,1267,-1.697483,-1.22933,0.493502
76,0.35,theta,1268,-0.608299,-0.998172,0.433818
76,0.35,theta,1269,-0.296957,0.134458,0.487415
76,0.35,theta,1270,0.538214,0.550534,0.485886
76,0.35,theta,1271,-0.817038,-0.97956,0.481292
76,0.35,theta,1272,0.919515,-0.005379,0.49896
76,0.35,theta,1273,1.649717,1.018695,0.497272
76,0.35,theta,1274,-3.035107,-2.19641,0.556614
76,0.35,theta,1275,0.27853,0.60793,0.474663
76,0.35,theta,1276,0.469422,0.46574,0.482962
76,0.35,theta,1277,0.02029,-0.483108,0.457917
76,0.35,theta,1278,-0.105241,-0.28471,0.471237
76,0.35,theta,1279,-0.793585,-0.403433,0.429921
76,0.35,theta,1280,-1.050519,-1.452755,0.510097
76,0.35,theta,1281,-1.18624,0.279615,0.463167
76,0.35,theta,1282,-0.666505,-1.26707,0.504766
76,0.35,theta,1283,-1.21816,-0.988865,0.494876
76,0.35,theta,1284,0.748372,0.812298,0.489968
76,0.35,theta,1285,-2.134461,-1.402985,0.498176
76,0.35,theta,1286,-0.581376,-1.182815,0.473051
76,0.35,theta,1287,-1.264736,-0.692954,0.480679
76,0.35,theta,1288,-1.267923,-1.336295,0.484388
76,0.35,theta,1289,0.208976,0.453164,0.480699
76,0.35,theta,1290,-0.436818,-0.159566,0.469871
76,0.35,theta,1291,0.094831,-0.272752,0.478649
76,0.35,theta,1292,1.256595,1.42147,0.513162
76,0.35,theta,1293,-1.348842,-1.05851,0.505188
76,0.35,theta,1294,-0.87659,-0.654254,0.482117
76,0.35,theta,1295,-0.786268,-0.485587,0.509031
76,0.35,theta,1296,-0.449974,-0.540553,0.454723
76,0.35,theta,1297,0.173402,0.081649,0.456274
76,0.35,theta,1298,-0.652606,-0.622248,0.503352
76,0.35,theta,1299,0.409989,0.627786,0.462597
76,0.35,theta,1300,1.094688,0.380201,0.470961
76,0.35,theta,1301,0.807719,0.177273,0.444297
76,0.35,theta,1302,-0.168949,0.29555,0.466497
76,0.35,theta,1303,-0.122617,-0.430406,0.457984
76,0.35,theta,1304,1.222346,0.572456,0.464558
76,0.35,theta,1305,-0.091366,-0.657514,0.500281
76,0.35,theta,1306,0.668512,-0.172293,0.440516
76,0.35,theta,1307,-0.024967,0.217299,0.437589
76,0.35,theta,1308,-1.245223,-1.46054,0.501559
76,0.35,theta,1309,1.287616,1.23904,0.536047
76,0.35,theta,1310,0.243403,0.918702,0.522681
76,0.35,theta,1311,1.19313,0.77245,0.476692
76,0.35,theta,1312,1.017256,0.626291,0.481609
76,0.35,theta,1313,1.114845,1.19533,0.516807
76,0.35,theta,1314,-0.466221,-0.520769,0.470913
76,0.35,theta,1315,1.085473,0.435906,0.47707
76,0.35,theta,1316,0.320227,0.616697,0.485864
76,0.35,theta,1317,-0.362483,-0.652116,0.478348
76,0.35,theta,1318,1.4137,1.50851,0.537961
76,0.35,theta,1319,-0.790604,-1.161515,0.533496
76,0.35,theta,1320,-0.800605,-0.254175,0.470884
76,0.35,theta,1321,1.966748,1.25406,0.521515
76,0.35,theta,1322,1.380515,1.505805,0.572158
76,0.35,theta,1323,-0.051689,-0.750296,0.484111
76,0.35,theta,1324,-0.188884,-0.46139,0.510424
76,0.35,theta,1325,-0.154037,-0.413524,0.477324
76,0.35,theta,1326,0.034652,-0.482164,0.44609
76,0.35,theta,1327,1.597717,0.804267,0.502138
76,0.35,theta,1328,-0.452873,-0.027065,0.49693
76,0.35,theta,1329,1.586461,1.57043,0.561859
76,0.35,theta,1330,3.044636,0.843364,0.461996
76,0.35,theta,1331,2.039228,0.938271,0.498066
76,0.35,theta,1332,1.23998,1.36887,0.536417
76,0.35,theta,1333,0.212289,-0.556959,0.457437
76,0.35,theta,1334,-1.011756,-1.190625,0.437174
76,0.35,theta,1335,-1.008812,-1.39153,0.525945
76,0.35,theta,1336,0.141278,0.055758,0.48506
76,0.35,theta,1337,-0.143579,0.148133,0.476592
76,0.35,theta,1338,0.460946,0.750629,0.469066
76,0.35,theta,1339,0.370566,-0.648192,0.482642
76,0.35,theta,1340,0.295703,0.435637,0.520421
76,0.35,theta,1341,0.238587,0.067384,0.45302
76,0.35,theta,1342,-1.559055,-1.64033,0.516917
76,0.35,theta,1343,0.153256,-0.533419,0.482745
76,0.35,theta,1344,-1.077215,-1.282295,0.521455
76,0.35,theta,1345,-0.024873,-0.435902,0.486144
76,0.35,theta,1346,-0.869425,-1.41736,0.516953
76,0.35,theta,1347,0.157469,0.272476,0.463522
76,0.35,theta,1348,-0.729236,-0.665372,0.489645
76,0.35,theta,1349,0.597021,0.385171,0.478998
76,0.35,theta,1350,-1.146587,-0.482437,0.451399
76,0.35,theta,1351,1.278362,0.808568,0.48144
76,0.35,theta,1352,1.69848,1.52054,0.534241
76,0.35,theta,1353,-0.961789,-1.4869,0.513531
76,0.35,theta,1354,1.594973,1.080045,0.497142
76,0.35,theta,1355,-0.62498,-0.260711,0.486007
76,0.35,theta,1356,-0.851678,-1.20749,0.499516
76,0.35,theta,1357,0.066294,0.177567,0.483209
76,0.35,theta,1358,0.063278,-0.044739,0.479939
76,0.35,theta,1359,0.175269,-0.659374,0.502567
76,0.35,theta,1360,2.056562,1.444085,0.517944
76,0.35,theta,1361,-0.61207,-0.075782,0.488335
76,0.35,theta,1362,1.195265,0.766764,0.474673
76,0.35,theta,1363,-1.85633,-1.71179,0.529369
76,0.35,theta,1364,0.891885,-0.322912,0.469701
76,0.35,theta,1365,-0.782105,-0.953062,0.470849
76,0.35,theta,1366,0.562672,-0.359192,0.487069
76,0.35,theta,1367,1.157955,0.362998,0.473722
76,0.35,theta,1368,0.224174,0.433143,0.463549
76,0.35,theta,1369,0.705817,-0.137112,0.437132
76,0.35,theta,1370,0.490303,0.955257,0.483885
76,0.35,theta,1371,-0.549013,0.110454,0.494437
76,0.35,theta,1372,1.502858,1.153435,0.53816
76,0.35,theta,1373,1.873109,1.076905,0.512999
76,0.35,theta,1374,0.697227,-0.174368,0.431326
76,0.35,theta,1375,0.200545,0.369428,0.469998
76,0.35,theta,1376,-1.713645,-1.74955,0.537248
76,0.35,theta,1377,0.708442,0.5772,0.485903
76,0.35,theta,1378,0.828166,0.090604,0.474594
76,0.35,theta,1379,-0.217952,-0.685667,0.465134
76,0.35,theta,1380,-0.56383,-0.302904,0.505607
76,0.35,theta,1381,-1.812886,-1.62193,0.521601
76,0.35,theta,1382,-0.158038,-0.709256,0.474331
76,0.35,theta,1383,0.929375,0.133457,0.483517
76,0.35,theta,1384,1.390718,0.86584,0.473622
76,0.35,theta,1385,-1.156758,-0.925533,0.479093
76,0.35,theta,1386,-0.877593,-0.267187,0.444953
76,0.35,theta,1387,-1.258144,-0.58703,0.47551
76,0.35,theta,1388,-0.743908,-1.054055,0.500797
76,0.35,theta,1389,-0.081129,0.160002,0.45542
76,0.35,theta,1390,-0.900763,-0.878372,0.477141
76,0.35,theta,1391,0.202624,0.914632,0.516974
76,0.35,theta,1392,-0.21966,0.822177,0.486492
76,0.35,theta,1393,1.181393,0.693087,0.507449
76,0.35,theta,1394,-0.466935,-0.079871,0.43449
76,0.35,theta,1395,0.311902,0.921656,0.514822
76,0.35,theta,1396,-0.764485,-1.46677,0.503922
76,0.35,theta,1397,1.065017,1.33268,0.51609
76,0.35,theta,1398,0.650205,1.08347,0.517278
76,0.35,theta,1399,-1.405384,-0.741305,0.480338
76,0.35,theta,1400,-0.487004,-0.038442,0.450523
76,0.35,theta,1401,0.72798,0.459403,0.480068
76,0.35,theta,1402,-1.099312,0.683668,0.46419
76,0.35,theta,1403,-0.448918,-0.30039,0.429898
76,0.35,theta,1404,-0.685255,0.484408,0.48174
76,0.35,theta,1405,0.74253,0.578354,0.488492
76,0.35,theta,1406,1.686841,1.25664,0.5047
76,0.35,theta,1407,-1.019724,-1.286805,0.513065
76,0.35,theta,1408,-0.736455,-0.697862,0.497041
76,0.35,theta,1409,1.272665,0.748719,0.501918
76,0.35,theta,1410,0.05483,0.578437,0.503506
76,0.35,theta,1411,0.738701,1.097855,0.560813
76,0.35,theta,1412,1.023516,0.835896,0.530053
76,0.35,theta,1413,-0.360491,-0.019828,0.491999
76,0.35,theta,1414,0.300347,-0.097228,0.428767
76,0.35,theta,1415,1.380587,1.02794,0.516845
76,0.35,theta,1416,0.736688,1.00702,0.51454
76,0.35,theta,1417,0.390796,0.413377,0.497952
76,0.35,theta,1418,-0.002892,-1.013785,0.487312
76,0.35,theta,1419,0.309917,0.977343,0.447283
76,0.35,theta,1420,-3.677838,-1.751385,0.521776
76,0.35,theta,1421,-0.599577,-0.98795,0.476769
76,0.35,theta,1422,1.544235,0.97443,0.500795
76,0.35,theta,1423,0.993621,0.465775,0.498193
76,0.35,theta,1424,-0.872077,-0.723819,0.45461
76,0.35,theta,1425,-1.735312,-0.579846,0.472665
76,0.35,theta,1426,-0.203853,-0.944486,0.483121
76,0.35,theta,1427,0.563,0.165236,0.472454
76,0.35,theta,1428,-0.381936,-1.12757,0.513629
76,0.35,theta,1429,-0.696946,-0.597968,0.510916
76,0.35,theta,1430,1.432115,1.545245,0.528659
76,0.35,theta,1431,0.721899,0.55165,0.469083
76,0.35,theta,1432,-1.087871,-0.842161,0.463418
76,0.35,theta,1433,0.342828,0.644848,0.493912
76,0.35,theta,1434,0.644803,1.09554,0.528593
76,0.35,theta,1435,-1.048761,-0.386376,0.487793
76,0.35,theta,1436,0.452029,0.465536,0.439653
76,0.35,theta,1437,-0.581157,-1.02708,0.490151
76,0.35,theta,1438,0.763475,0.135506,0.476291
76,0.35,theta,1439,-0.619268,-0.365558,0.45743
76,0.35,theta,1440,-0.738088,-0.189096,0.476861
76,0.35,theta,1441,-0.500173,-0.147812,0.492135
76,0.35,theta,1442,0.463463,0.343458,0.432113
76,0.35,theta,1443,0.146523,0.032716,0.454881
76,0.35,theta,1444,-0.803677,-0.976652,0.484358
76,0.35,theta,1445,0.464613,0.067375,0.453724
76,0.35,theta,1446,-1.290692,-1.79144,0.526943
76,0.35,theta,1447,-0.9104,-0.647434,0.491345
76,0.35,theta,1448,-0.286675,-0.660616,0.471404
76,0.35,theta,1449,0.407439,0.829463,0.484927
76,0.35,theta,1450,-0.176512,-0.392744,0.481208
76,0.35,theta,1451,-0.677299,-0.108443,0.437906
76,0.35,theta,1452,0.62149,-0.58458,0.470102
76,0.35,theta,1453,-1.672196,-2.101545,0.558461
76,0.35,theta,1454,-2.044722,-2.329245,0.595818
76,0.35,theta,1455,-1.140782,-0.727342,0.497023
76,0.35,theta,1456,-1.210371,-0.526012,0.486716
76,0.35,theta,1457,0.225434,0.390064,0.463017
76,0.35,theta,1458,-0.123373,-0.00131,0.462635
76,0.35,theta,1459,0.403897,0.530628,0.476073
76,0.35,theta,1460,-0.351314,-0.409416,0.46782
76,0.35,theta,1461,-0.169068,-0.251353,0.456379
76,0.35,theta,1462,-0.184711,-0.523029,0.443003
76,0.35,theta,1463,-0.320763,-0.178827,0.458748
76,0.35,theta,1464,0.072043,0.019148,0.443212
76,0.35,theta,1465,-1.070387,-0.794829,0.525663
76,0.35,theta,1466,-0.806109,-0.393495,0.488431
76,0.35,theta,1467,-0.628545,-2.110815,0.577966
76,0.35,theta,1468,-1.658859,-0.761095,0.48882
76,0.35,theta,1469,-0.293207,-0.354351,0.453359
76,0.35,theta,1470,0.368619,0.031265,0.469284
76,0.35,theta,1471,-1.801725,-0.787872,0.473115
76,0.35,theta,1472,0.295751,0.150118,0.477121
76,0.35,theta,1473,0.195225,0.770138,0.483239
76,0.35,theta,1474,0.456943,0.372447,0.496795
76,0.35,theta,1475,0.233167,-0.251206,0.491495
76,0.35,theta,1476,-1.307959,-1.469175,0.502094
76,0.35,theta,1477,0.488015,0.87859,0.507828
76,0.35,theta,1478,-1.3267,-0.487569,0.465603
76,0.35,theta,1479,0.289899,0.841088,0.509892
76,0.35,theta,1480,-1.572657,-1.432535,0.526127
76,0.35,theta,1481,-0.391683,0.27412,0.439135
76,0.35,theta,1482,1.147074,0.243138,0.508947
76,0.35,theta,1483,-0.657212,-0.32406,0.494435
76,0.35,theta,1484,0.754118,0.038065,0.424213
76,0.35,theta,1485,0.410963,0.625485,0.464263
76,0.35,theta,1486,1.04537,0.747212,0.495825
76,0.35,theta,1487,0.636121,0.344254,0.463854
76,0.35,theta,1488,1.118854,1.034695,0.495242
76,0.35,theta,1489,1.311998,1.398195,0.505107
76,0.35,theta,1490,0.524586,0.271089,0.489872
76,0.35,theta,1491,0.410363,0.885052,0.521962
76,0.35,theta,1492,1.746972,0.842963,0.476445
76,0.35,theta,1493,0.154125,-0.14145,0.50541
76,0.35,theta,1494,1.011292,1.054405,0.508072
76,0.35,theta,1495,0.045674,-0.481026,0.513915
76,0.35,theta,1496,1.358265,0.888416,0.492997
76,0.35,theta,1497,-0.356242,-0.320351,0.452291
76,0.35,theta,1498,0.101412,-0.776366,0.504348
76,0.35,theta,1499,-1.184654,-1.274355,0.517457
76,0.35,theta,1500,-0.8094,-0.08797,0.429594
76,0.35,beta,1,-3.082719,-2.88238,0.330132
76,0.35,beta,2,-2.823006,-2.693175,0.265555
76,0.35,beta,3,-2.74396,-2.7944,0.300578
76,0.35,beta,4,-2.315868,-2.61961,0.281712
76,0.35,beta,5,-2.290602,-2.1505,0.2441
76,0.35,beta,6,-1.996118,-2.22345,0.23566
76,0.35,beta,7,-1.767213,-1.654385,0.214254
76,0.35,beta,8,-1.689286,-2.16919,0.229612
76,0.35,beta,9,-1.657553,-1.971045,0.233067
76,0.35,beta,10,-1.619014,-1.91761,0.216552
76,0.35,beta,11,-1.534956,-1.78598,0.213356
76,0.35,beta,12,-1.427589,-1.71064,0.232855
76,0.35,beta,13,-1.412881,-1.39109,0.242654
76,0.35,beta,14,-1.389555,-1.847875,0.219636
76,0.35,beta,15,-1.359954,-1.729125,0.21341
76,0.35,beta,16,-1.299844,-1.379015,0.183714
76,0.35,beta,17,-1.216457,-2.029875,0.244336
76,0.35,beta,18,-1.205668,-1.25715,0.184417
76,0.35,beta,19,-1.125014,-1.58051,0.213053
76,0.35,beta,20,-1.11969,-1.658725,0.219648
76,0.35,beta,21,-1.034421,-1.47392,0.209162
76,0.35,beta,22,-1.026199,-1.491695,0.224024
76,0.35,beta,23,-0.970198,-1.22278,0.201064
76,0.35,beta,24,-0.954175,-1.25375,0.1878
76,0.35,beta,25,-0.935792,-1.430645,0.185036
76,0.35,beta,26,-0.907814,-1.87632,0.227969
76,0.35,beta,27,-0.816239,-0.95768,0.168543
76,0.35,beta,28,-0.749378,-0.932197,0.175276
76,0.35,beta,29,-0.704972,-0.938567,0.176514
76,0.35,beta,30,-0.662488,-0.87148,0.163375
76,0.35,beta,31,-0.650201,-1.21437,0.200269
76,0.35,beta,32,-0.643661,-1.233135,0.182094
76,0.35,beta,33,-0.629877,-1.177765,0.168609
76,0.35,beta,34,-0.568933,-0.991214,0.176237
76,0.35,beta,35,-0.522985,-1.0118,0.194885
76,0.35,beta,36,-0.512498,-0.743235,0.176612
76,0.35,beta,37,-0.41957,-0.955855,0.17451
76,0.35,beta,38,-0.407307,-0.945056,0.158948
76,0.35,beta,39,-0.395901,-0.817686,0.182387
76,0.35,beta,40,-0.370286,-1.067295,0.179243
76,0.35,beta,41,-0.366262,-0.696706,0.177255
76,0.35,beta,42,-0.304836,-0.875574,0.175442
76,0.35,beta,43,-0.292435,-0.400059,0.156096
76,0.35,beta,44,-0.246129,-0.906576,0.170354
76,0.35,beta,45,-0.239117,-0.906442,0.169985
76,0.35,beta,46,-0.194457,-0.726501,0.150276
76,0.35,beta,47,-0.184504,-0.641341,0.162402
76,0.35,beta,48,-0.181871,-0.389668,0.162854
76,0.35,beta,49,-0.17342,-0.774594,0.149968
76,0.35,beta,50,-0.158245,-0.479838,0.174915
76,0.35,beta,51,-0.12682,-0.584805,0.159279
76,0.35,beta,52,-0.103615,-0.55866,0.170004
76,0.35,beta,53,-0.102515,-0.4182,0.183551
76,0.35,beta,54,-0.064542,-0.546471,0.168479
76,0.35,beta,55,-0.059861,-0.671106,0.173962
76,0.35,beta,56,-0.044569,-0.65811,0.166011
76,0.35,beta,57,-0.021267,-0.705472,0.167661
76,0.35,beta,58,-0.013702,-0.532944,0.156411
76,0.35,beta,59,-0.007206,-0.355163,0.152663
76,0.35,beta,60,-0.004968,-0.571458,0.170048
76,0.35,beta,61,-0.00396,-0.702854,0.172952
76,0.35,beta,62,0.020804,-0.478682,0.157714
76,0.35,beta,63,0.023185,-0.73049,0.149686
76,0.35,beta,64,0.042266,-0.650187,0.165198
76,0.35,beta,65,0.04805,-0.42098,0.157683
76,0.35,beta,66,0.105125,-0.519351,0.15439
76,0.35,beta,67,0.136615,-0.367216,0.16497
76,0.35,beta,68,0.166259,-0.546123,0.160326
76,0.35,beta,69,0.168379,-0.576301,0.174776
76,0.35,beta,70,0.169709,-0.14534,0.179154
76,0.35,beta,71,0.177038,-0.471781,0.150434
76,0.35,beta,72,0.184627,-0.190276,0.171614
76,0.35,beta,73,0.216395,-0.155485,0.159806
76,0.35,beta,74,0.222831,-0.068007,0.167582
76,0.35,beta,75,0.233483,-0.32658,0.157297
76,0.35,beta,76,0.240186,-0.371334,0.159641
76,0.35,beta,77,0.339909,-0.201702,0.182645
76,0.35,beta,78,0.351628,-0.265603,0.155167
76,0.35,beta,79,0.390356,-0.342543,0.158691
76,0.35,beta,80,0.39292,-0.522447,0.177214
76,0.35,beta,81,0.434395,0.119624,0.157013
76,0.35,beta,82,0.495864,-0.038895,0.153462
76,0.35,beta,83,0.497327,-0.066729,0.173116
76,0.35,beta,84,0.527571,-0.16461,0.155412
76,0.35,beta,85,0.571226,-0.022158,0.154687
76,0.35,beta,86,0.587711,0.153156,0.155653
76,0.35,beta,87,0.60282,-0.337618,0.172366
76,0.35,beta,88,0.608029,-0.207823,0.167838
76,0.35,beta,89,0.610082,0.275755,0.178843
76,0.35,beta,90,0.648655,0.038915,0.161329
76,0.35,beta,91,0.662507,-0.023037,0.160958
76,0.35,beta,92,0.663486,-0.104482,0.150186
76,0.35,beta,93,0.719629,-0.0727,0.164745
76,0.35,beta,94,0.738121,0.140586,0.154951
76,0.35,beta,95,0.759385,0.162271,0.152197
76,0.35,beta,96,0.765683,-0.08067,0.193717
76,0.35,beta,97,0.766117,0.07299,0.155298
76,0.35,beta,98,0.834255,-0.216698,0.159253
76,0.35,beta,99,0.919538,0.606105,0.189171
76,0.35,beta,100,0.94931,0.493924,0.17515
76,0.35,beta,101,0.975092,-0.021793,0.159601
76,0.35,beta,102,0.984206,0.168127,0.165868
76,0.35,beta,103,1.00925,0.243032,0.174145
76,0.35,beta,104,1.010602,0.237922,0.158093
76,0.35,beta,105,1.048603,0.405861,0.184928
76,0.35,beta,106,1.07944,-0.346603,0.172314
76,0.35,beta,107,1.099048,0.370947,0.170554
76,0.35,beta,108,1.118442,0.353129,0.175629
76,0.35,beta,109,1.135191,0.25857,0.176005
76,0.35,beta,110,1.257086,0.974554,0.198649
76,0.35,beta,111,1.268998,0.484434,0.171369
76,0.35,beta,112,1.305616,0.323082,0.178478
76,0.35,beta,113,1.334882,0.36972,0.17579
76,0.35,beta,114,1.367531,-0.087934,0.20166
76,0.35,beta,115,1.399186,0.585018,0.17355
76,0.35,beta,116,1.403779,0.998123,0.227588
76,0.35,beta,117,1.441669,0.475406,0.154331
76,0.35,beta,118,1.443148,0.877437,0.188719
76,0.35,beta,119,1.449952,1.899145,0.287437
76,0.35,beta,120,1.580855,0.981431,0.201122
76,0.35,beta,121,1.646541,0.906205,0.191165
76,0.35,beta,122,1.684384,0.935627,0.188192
76,0.35,beta,123,1.698407,1.161445,0.211593
76,0.35,beta,124,1.826588,1.659875,0.273519
76,0.35,beta,125,1.854856,1.13653,0.219028
76,0.35,beta,126,1.856143,1.03179,0.201033
76,0.35,beta,127,1.86928,0.765867,0.186286
76,0.35,beta,128,2.688931,1.95202,0.284373
76,0.35,alpha,1,1.891307,1.201455,0.293537
76,0.35,alpha,2,1.295264,0.706625,0.210084
76,0.35,alpha,3,0.8053,0.739402,0.182465
76,0.35,alpha,4,0.704728,0.894182,0.224388
76,0.35,alpha,5,1.771559,0.9654,0.214283
76,0.35,alpha,6,0.672303,0.580124,0.153545
76,0.35,alpha,7,1.553139,0.967376,0.210239
76,0.35,alpha,8,0.474741,0.700044,0.176442
76,0.35,alpha,9,1.163247,0.825474,0.208004
76,0.35,alpha,10,1.414589,0.753564,0.183589
76,0.35,alpha,11,0.825097,0.774586,0.179653
76,0.35,alpha,12,1.833833,1.21699,0.252666
76,0.35,alpha,13,2.749567,1.68392,0.341037
76,0.35,alpha,14,0.818871,0.815206,0.180036
76,0.35,alpha,15,0.417453,0.838637,0.184236
76,0.35,alpha,16,1.077384,0.814968,0.172312
76,0.35,alpha,17,0.842183,1.02774,0.247718
76,0.35,alpha,18,1.418657,0.895139,0.191597
76,0.35,alpha,19,1.114916,0.925062,0.204146
76,0.35,alpha,20,0.786671,0.93663,0.21731
76,0.35,alpha,21,1.474277,1.032705,0.229616
76,0.35,alpha,22,2.178138,1.355705,0.284384
76,0.35,alpha,23,1.036012,1.03412,0.211972
76,0.35,alpha,24,2.417453,1.089575,0.208207
76,0.35,alpha,25,0.926298,0.660884,0.150088
76,0.35,alpha,26,1.098932,0.899224,0.211299
76,0.35,alpha,27,0.806546,0.78902,0.176606
76,0.35,alpha,28,1.303457,0.941936,0.192116
76,0.35,alpha,29,1.213063,0.938602,0.18915
76,0.35,alpha,30,0.417427,0.53461,0.126593
76,0.35,alpha,31,1.310959,1.25954,0.246473
76,0.35,alpha,32,0.501306,0.782761,0.193177
76,0.35,alpha,33,0.689033,0.651652,0.149503
76,0.35,alpha,34,0.774639,0.884885,0.189289
76,0.35,alpha,35,2.410642,1.305975,0.257135
76,0.35,alpha,36,3.549563,1.18186,0.227206
76,0.35,alpha,37,0.460392,0.698191,0.153398
76,0.35,alpha,38,0.52942,0.672429,0.1487
76,0.35,alpha,39,0.303833,0.750964,0.18111
76,0.35,alpha,40,0.876506,0.752709,0.162607
76,0.35,alpha,41,0.857626,0.623279,0.147151
76,0.35,alpha,42,1.224832,0.907892,0.188827
76,0.35,alpha,43,0.894562,0.825286,0.178612
76,0.35,alpha,44,0.899571,0.731864,0.158543
76,0.35,alpha,45,1.907983,0.922963,0.18239
76,0.35,alpha,46,1.390857,0.684252,0.143806
76,0.35,alpha,47,1.382681,0.83239,0.183354
76,0.35,alpha,48,0.595913,0.70062,0.146494
76,0.35,alpha,49,0.538309,0.548142,0.12484
76,0.35,alpha,50,1.831003,1.227395,0.231215
76,0.35,alpha,51,1.157646,0.80963,0.177974
76,0.35,alpha,52,1.104993,0.979188,0.203846
76,0.35,alpha,53,1.741948,1.467835,0.28878
76,0.35,alpha,54,1.302042,0.809227,0.17931
76,0.35,alpha,55,0.866733,1.041215,0.210246
76,0.35,alpha,56,0.595982,0.712162,0.146776
76,0.35,alpha,57,1.303407,0.708114,0.167382
76,0.35,alpha,58,0.658566,0.522058,0.116622
76,0.35,alpha,59,1.353455,0.75541,0.158856
76,0.35,alpha,60,1.545595,0.976568,0.209726
76,0.35,alpha,61,0.667174,0.712122,0.1559
76,0.35,alpha,62,0.735676,0.679339,0.144093
76,0.35,alpha,63,0.690226,0.664842,0.141808
76,0.35,alpha,64,0.506731,0.776858,0.168312
76,0.35,alpha,65,0.685109,0.862239,0.183141
76,0.35,alpha,66,0.639499,0.717794,0.154369
76,0.35,alpha,67,0.949867,0.7892,0.170501
76,0.35,alpha,68,1.776564,0.903211,0.182252
76,0.35,alpha,69,1.217016,1.02596,0.205668
76,0.35,alpha,70,1.205557,0.982452,0.205685
76,0.35,alpha,71,0.77476,0.689279,0.15846
76,0.35,alpha,72,1.329117,1.146685,0.232306
76,0.35,alpha,73,0.842074,1.02743,0.208922
76,0.35,alpha,74,0.530278,0.882936,0.199149
76,0.35,alpha,75,0.652361,0.776183,0.169656
76,0.35,alpha,76,1.19057,1.03755,0.191792
76,0.35,alpha,77,1.874237,1.598075,0.320388
76,0.35,alpha,78,0.350827,0.78484,0.170878
76,0.35,alpha,79,1.137376,0.991264,0.197293
76,0.35,alpha,80,1.089585,0.995016,0.208718
76,0.35,alpha,81,0.941009,0.854602,0.182636
76,0.35,alpha,82,0.676937,0.680128,0.141945
76,0.35,alpha,83,1.423702,1.068965,0.223372
76,0.35,alpha,84,0.657155,0.82216,0.173533
76,0.35,alpha,85,0.556065,0.6364,0.14181
76,0.35,alpha,86,0.557728,0.811798,0.174156
76,0.35,alpha,87,0.932058,1.050845,0.200914
76,0.35,alpha,88,1.05546,1.05936,0.217025
76,0.35,alpha,89,1.248327,1.163935,0.237618
76,0.35,alpha,90,0.919543,0.955288,0.20783
76,0.35,alpha,91,0.619485,0.828465,0.180681
76,0.35,alpha,92,0.976801,0.595154,0.136247
76,0.35,alpha,93,0.922903,0.883543,0.196579
76,0.35,alpha,94,0.541932,0.77079,0.161268
76,0.35,alpha,95,1.078339,0.77353,0.166169
76,0.35,alpha,96,1.772057,1.502935,0.308945
76,0.35,alpha,97,0.353494,0.663338,0.148067
76,0.35,alpha,98,0.971919,0.847112,0.174463
76,0.35,alpha,99,0.760998,1.04367,0.239899
76,0.35,alpha,100,0.884128,0.889943,0.196388
76,0.35,alpha,101,1.783154,1.22715,0.23238
76,0.35,alpha,102,1.92122,1.074935,0.232226
76,0.35,alpha,103,1.173957,1.149075,0.235774
76,0.35,alpha,104,1.197605,0.710914,0.153534
76,0.35,alpha,105,1.268245,1.23028,0.253445
76,0.35,alpha,106,3.195681,1.00604,0.210425
76,0.35,alpha,107,0.800614,0.967129,0.204495
76,0.35,alpha,108,1.891466,1.186435,0.251507
76,0.35,alpha,109,1.405724,1.352855,0.272224
76,0.35,alpha,110,0.547538,1.23481,0.246022
76,0.35,alpha,111,0.807053,1.10477,0.22742
76,0.35,alpha,112,1.34467,1.16125,0.245229
76,0.35,alpha,113,1.84117,1.037675,0.226825
76,0.35,alpha,114,2.444184,1.693315,0.363235
76,0.35,alpha,115,0.644124,0.875184,0.200266
76,0.35,alpha,116,1.100011,1.581925,0.353145
76,0.35,alpha,117,0.629331,0.6735,0.15558
76,0.35,alpha,118,0.850932,1.2297,0.256811
76,0.35,alpha,119,0.987603,1.77343,0.345886
76,0.35,alpha,120,0.678064,0.937294,0.207905
76,0.35,alpha,121,1.246105,1.11043,0.239047
76,0.35,alpha,122,0.515442,1.143795,0.24506
76,0.35,alpha,123,1.407431,1.2538,0.260317
76,0.35,alpha,124,1.525478,1.5854,0.350733
76,0.35,alpha,125,0.625157,1.16621,0.25884
76,0.35,alpha,126,1.163159,1.14874,0.241925
76,0.35,alpha,127,1.027651,1.075745,0.247102
76,0.35,alpha,128,1.216989,1.32048,0.301474
